-31.0 12.36931687685298 
-37.0 14.866068747318506 
-31.0 12.36931687685298 
-37.0 14.866068747318506 
-36.0 14.142135623730951 
-35.0 13.152946437965905 
-34.0 12.806248474865697 
-36.0 14.142135623730951 
-32.0 12.649110640673518 
-35.0 13.152946437965905 
-34.0 12.806248474865697 
-32.0 12.649110640673518 
-31.0 12.36931687685298 
-37.0 14.866068747318506 
-36.0 14.142135623730951 
-35.0 13.152946437965905 
-34.0 12.806248474865697 
-32.0 12.649110640673518 
-37.0 14.866068747318506 
-31.0 12.36931687685298 
-36.0 14.142135623730951 
-35.0 13.152946437965905 
-34.0 12.806248474865697 
-32.0 12.649110640673518 
-31.0 12.36931687685298 
-37.0 14.866068747318506 
-36.0 14.142135623730951 
-35.0 13.152946437965905 
-34.0 12.806248474865697 
-32.0 12.649110640673518 
-37.0 14.866068747318506 
-31.0 12.36931687685298 
-36.0 14.142135623730951 
-35.0 13.152946437965905 
-34.0 12.806248474865697 
-32.0 12.649110640673518 
-31.0 12.36931687685298 
-37.0 14.866068747318506 
-36.0 14.142135623730951 
-35.0 13.152946437965905 
-34.0 12.806248474865697 
-32.0 12.649110640673518 
-31.0 12.36931687685298 
-36.0 14.142135623730951 
-35.0 13.152946437965905 
-34.0 12.806248474865697 
-32.0 12.649110640673518 
-31.0 12.36931687685298 
-36.0 14.142135623730951 
-35.0 13.152946437965905 
-34.0 12.806248474865697 
-32.0 12.649110640673518 
-31.0 12.36931687685298 
-36.0 14.142135623730951 
-35.0 13.152946437965905 
-34.0 12.806248474865697 
-32.0 12.649110640673518 
-31.0 12.36931687685298 
-36.0 14.142135623730951 
-35.0 13.152946437965905 
-34.0 12.806248474865697 
-32.0 12.649110640673518 
-31.0 12.36931687685298 
-36.0 14.142135623730951 
-35.0 13.152946437965905 
-34.0 12.806248474865697 
-32.0 12.649110640673518 
-31.0 12.36931687685298 
-36.0 14.142135623730951 
-35.0 13.152946437965905 
-34.0 12.806248474865697 
-32.0 12.649110640673518 
-31.0 12.36931687685298 
-36.0 14.142135623730951 
-35.0 13.152946437965905 
-34.0 12.806248474865697 
-32.0 12.649110640673518 
-31.0 12.36931687685298 
-36.0 14.142135623730951 
-35.0 13.152946437965905 
-34.0 12.806248474865697 
-32.0 12.649110640673518 
-31.0 12.36931687685298 
-36.0 14.142135623730951 
-35.0 13.152946437965905 
-34.0 12.806248474865697 
-32.0 12.649110640673518 
-31.0 12.36931687685298 
-36.0 14.142135623730951 
-35.0 13.152946437965905 
-34.0 12.806248474865697 
-32.0 12.649110640673518 
-31.0 12.36931687685298 
-36.0 14.142135623730951 
-35.0 13.152946437965905 
-34.0 12.806248474865697 
-32.0 12.649110640673518 
-31.0 12.36931687685298 
-36.0 14.142135623730951 
-35.0 13.152946437965905 
