-29.0 12.727922061357855 
-34.0 13.601470508735444 
-34.0 13.601470508735444 
-29.0 12.727922061357855 
-32.0 13.152946437965905 
-32.0 13.152946437965905 
-34.0 13.601470508735444 
-29.0 12.727922061357855 
-32.0 13.152946437965905 
-34.0 13.601470508735444 
-29.0 12.727922061357855 
-32.0 13.152946437965905 
-34.0 13.601470508735444 
-29.0 12.727922061357855 
-32.0 13.152946437965905 
-34.0 13.601470508735444 
-29.0 12.727922061357855 
-32.0 13.152946437965905 
-29.0 12.727922061357855 
-34.0 13.601470508735444 
-32.0 13.152946437965905 
-29.0 12.727922061357855 
-34.0 13.601470508735444 
-32.0 13.152946437965905 
-34.0 13.601470508735444 
-29.0 12.727922061357855 
-32.0 13.152946437965905 
-29.0 12.727922061357855 
-34.0 13.601470508735444 
-32.0 13.152946437965905 
-34.0 13.601470508735444 
-29.0 12.727922061357855 
-32.0 13.152946437965905 
-34.0 13.601470508735444 
-29.0 12.727922061357855 
-32.0 13.152946437965905 
-29.0 12.727922061357855 
-34.0 13.601470508735444 
-32.0 13.152946437965905 
-29.0 12.727922061357855 
-34.0 13.601470508735444 
-32.0 13.152946437965905 
-29.0 12.727922061357855 
-34.0 13.601470508735444 
-32.0 13.152946437965905 
-29.0 12.727922061357855 
-34.0 13.601470508735444 
-32.0 13.152946437965905 
-34.0 13.601470508735444 
-29.0 12.727922061357855 
-32.0 13.152946437965905 
-34.0 13.601470508735444 
-29.0 12.727922061357855 
-34.0 13.601470508735444 
-29.0 12.727922061357855 
-34.0 13.601470508735444 
-29.0 12.727922061357855 
-34.0 13.601470508735444 
-29.0 12.727922061357855 
-29.0 12.727922061357855 
-34.0 13.601470508735444 
-34.0 13.601470508735444 
-29.0 12.727922061357855 
-29.0 12.727922061357855 
-34.0 13.601470508735444 
-34.0 13.601470508735444 
-29.0 12.727922061357855 
-34.0 13.601470508735444 
-29.0 12.727922061357855 
-34.0 13.601470508735444 
-29.0 12.727922061357855 
-29.0 12.727922061357855 
-34.0 13.601470508735444 
-29.0 12.727922061357855 
-34.0 13.601470508735444 
-34.0 13.601470508735444 
-29.0 12.727922061357855 
-34.0 13.601470508735444 
-29.0 12.727922061357855 
-34.0 13.601470508735444 
-29.0 12.727922061357855 
-29.0 12.727922061357855 
-34.0 13.601470508735444 
-29.0 12.727922061357855 
-34.0 13.601470508735444 
-34.0 13.601470508735444 
-29.0 12.727922061357855 
-34.0 13.601470508735444 
-29.0 12.727922061357855 
-34.0 13.601470508735444 
-29.0 12.727922061357855 
-34.0 13.601470508735444 
-29.0 12.727922061357855 
-34.0 13.601470508735444 
-29.0 12.727922061357855 
-34.0 13.601470508735444 
-29.0 12.727922061357855 
-34.0 13.601470508735444 
-29.0 12.727922061357855 
-29.0 12.727922061357855 
