-26.0 12.36931687685298 
-34.0 13.038404810405298 
-26.0 12.36931687685298 
-34.0 13.038404810405298 
-31.0 12.649110640673518 
-31.0 12.649110640673518 
-26.0 12.36931687685298 
-34.0 13.038404810405298 
-31.0 12.649110640673518 
-34.0 13.038404810405298 
-26.0 12.36931687685298 
-31.0 12.649110640673518 
-34.0 13.038404810405298 
-26.0 12.36931687685298 
-31.0 12.649110640673518 
-26.0 12.36931687685298 
-34.0 13.038404810405298 
-31.0 12.649110640673518 
-26.0 12.36931687685298 
-34.0 13.038404810405298 
-31.0 12.649110640673518 
-34.0 13.038404810405298 
-26.0 12.36931687685298 
-31.0 12.649110640673518 
-26.0 12.36931687685298 
-34.0 13.038404810405298 
-31.0 12.649110640673518 
-26.0 12.36931687685298 
-34.0 13.038404810405298 
-31.0 12.649110640673518 
-26.0 12.36931687685298 
-34.0 13.038404810405298 
-31.0 12.649110640673518 
-34.0 13.038404810405298 
-26.0 12.36931687685298 
-31.0 12.649110640673518 
-26.0 12.36931687685298 
-34.0 13.038404810405298 
-31.0 12.649110640673518 
-34.0 13.038404810405298 
-26.0 12.36931687685298 
-31.0 12.649110640673518 
-34.0 13.038404810405298 
-26.0 12.36931687685298 
-31.0 12.649110640673518 
-26.0 12.36931687685298 
-34.0 13.038404810405298 
-31.0 12.649110640673518 
-26.0 12.36931687685298 
-34.0 13.038404810405298 
-31.0 12.649110640673518 
-26.0 12.36931687685298 
-34.0 13.038404810405298 
-31.0 12.649110640673518 
-26.0 12.36931687685298 
-34.0 13.038404810405298 
-31.0 12.649110640673518 
-26.0 12.36931687685298 
-34.0 13.038404810405298 
-31.0 12.649110640673518 
-26.0 12.36931687685298 
-34.0 13.038404810405298 
-31.0 12.649110640673518 
-26.0 12.36931687685298 
-34.0 13.038404810405298 
-31.0 12.649110640673518 
-34.0 13.038404810405298 
-26.0 12.36931687685298 
-31.0 12.649110640673518 
-26.0 12.36931687685298 
-34.0 13.038404810405298 
-31.0 12.649110640673518 
-26.0 12.36931687685298 
-34.0 13.038404810405298 
-31.0 12.649110640673518 
-26.0 12.36931687685298 
-34.0 13.038404810405298 
-31.0 12.649110640673518 
-34.0 13.038404810405298 
-26.0 12.36931687685298 
-31.0 12.649110640673518 
-34.0 13.038404810405298 
-26.0 12.36931687685298 
-31.0 12.649110640673518 
-26.0 12.36931687685298 
-34.0 13.038404810405298 
-31.0 12.649110640673518 
-26.0 12.36931687685298 
-34.0 13.038404810405298 
-31.0 12.649110640673518 
-26.0 12.36931687685298 
-34.0 13.038404810405298 
-31.0 12.649110640673518 
-26.0 12.36931687685298 
-34.0 13.038404810405298 
-31.0 12.649110640673518 
-26.0 12.36931687685298 
-34.0 13.038404810405298 
-31.0 12.649110640673518 
-26.0 12.36931687685298 
