-32.0 14.212670403551895 
-25.0 12.206555615733702 
-25.0 12.206555615733702 
-32.0 14.212670403551895 
-31.0 13.038404810405298 
-29.0 13.0 
-29.0 13.0 
-31.0 13.038404810405298 
-25.0 12.206555615733702 
-32.0 14.212670403551895 
-29.0 13.0 
-31.0 13.038404810405298 
-25.0 12.206555615733702 
-32.0 14.212670403551895 
-29.0 13.0 
-31.0 13.038404810405298 
-25.0 12.206555615733702 
-32.0 14.212670403551895 
-29.0 13.0 
-31.0 13.038404810405298 
-25.0 12.206555615733702 
-32.0 14.212670403551895 
-29.0 13.0 
-31.0 13.038404810405298 
-32.0 14.212670403551895 
-25.0 12.206555615733702 
-29.0 13.0 
-31.0 13.038404810405298 
-25.0 12.206555615733702 
-32.0 14.212670403551895 
-29.0 13.0 
-31.0 13.038404810405298 
-25.0 12.206555615733702 
-32.0 14.212670403551895 
-29.0 13.0 
-31.0 13.038404810405298 
-25.0 12.206555615733702 
-32.0 14.212670403551895 
-29.0 13.0 
-31.0 13.038404810405298 
-25.0 12.206555615733702 
-32.0 14.212670403551895 
-29.0 13.0 
-31.0 13.038404810405298 
-25.0 12.206555615733702 
-32.0 14.212670403551895 
-29.0 13.0 
-31.0 13.038404810405298 
-25.0 12.206555615733702 
-32.0 14.212670403551895 
-29.0 13.0 
-31.0 13.038404810405298 
-25.0 12.206555615733702 
-32.0 14.212670403551895 
-29.0 13.0 
-31.0 13.038404810405298 
-25.0 12.206555615733702 
-32.0 14.212670403551895 
-29.0 13.0 
-31.0 13.038404810405298 
-25.0 12.206555615733702 
-32.0 14.212670403551895 
-29.0 13.0 
-31.0 13.038404810405298 
-25.0 12.206555615733702 
-32.0 14.212670403551895 
-29.0 13.0 
-31.0 13.038404810405298 
-25.0 12.206555615733702 
-32.0 14.212670403551895 
-29.0 13.0 
-31.0 13.038404810405298 
-25.0 12.206555615733702 
-32.0 14.212670403551895 
-29.0 13.0 
-31.0 13.038404810405298 
-32.0 14.212670403551895 
-25.0 12.206555615733702 
-29.0 13.0 
-31.0 13.038404810405298 
-25.0 12.206555615733702 
-32.0 14.212670403551895 
-29.0 13.0 
-31.0 13.038404810405298 
-25.0 12.206555615733702 
-32.0 14.212670403551895 
-29.0 13.0 
-31.0 13.038404810405298 
-25.0 12.206555615733702 
-32.0 14.212670403551895 
-29.0 13.0 
-31.0 13.038404810405298 
-25.0 12.206555615733702 
-32.0 14.212670403551895 
-29.0 13.0 
-31.0 13.038404810405298 
-25.0 12.206555615733702 
-32.0 14.212670403551895 
-29.0 13.0 
-31.0 13.038404810405298 
