-35.0 16.278820596099706 
-30.0 12.041594578792296 
-35.0 16.278820596099706 
-30.0 12.041594578792296 
-32.0 12.206555615733702 
-33.0 14.7648230602334 
-34.0 14.866068747318506 
-32.0 12.206555615733702 
-34.0 14.866068747318506 
-33.0 14.7648230602334 
-30.0 12.041594578792296 
-35.0 16.278820596099706 
-32.0 12.206555615733702 
-34.0 14.866068747318506 
-33.0 14.7648230602334 
-35.0 16.278820596099706 
-30.0 12.041594578792296 
-32.0 12.206555615733702 
-34.0 14.866068747318506 
-33.0 14.7648230602334 
-30.0 12.041594578792296 
-35.0 16.278820596099706 
-32.0 12.206555615733702 
-34.0 14.866068747318506 
-33.0 14.7648230602334 
-30.0 12.041594578792296 
-35.0 16.278820596099706 
-32.0 12.206555615733702 
-34.0 14.866068747318506 
-33.0 14.7648230602334 
-30.0 12.041594578792296 
-35.0 16.278820596099706 
-32.0 12.206555615733702 
-34.0 14.866068747318506 
-33.0 14.7648230602334 
-30.0 12.041594578792296 
-35.0 16.278820596099706 
-32.0 12.206555615733702 
-34.0 14.866068747318506 
-33.0 14.7648230602334 
-30.0 12.041594578792296 
-35.0 16.278820596099706 
-32.0 12.206555615733702 
-34.0 14.866068747318506 
-33.0 14.7648230602334 
-35.0 16.278820596099706 
-30.0 12.041594578792296 
-34.0 14.866068747318506 
-33.0 14.7648230602334 
-35.0 16.278820596099706 
-30.0 12.041594578792296 
-34.0 14.866068747318506 
-33.0 14.7648230602334 
-30.0 12.041594578792296 
-35.0 16.278820596099706 
-34.0 14.866068747318506 
-33.0 14.7648230602334 
-35.0 16.278820596099706 
-30.0 12.041594578792296 
-34.0 14.866068747318506 
-33.0 14.7648230602334 
-30.0 12.041594578792296 
-35.0 16.278820596099706 
-34.0 14.866068747318506 
-33.0 14.7648230602334 
-30.0 12.041594578792296 
-35.0 16.278820596099706 
-34.0 14.866068747318506 
-33.0 14.7648230602334 
-30.0 12.041594578792296 
-35.0 16.278820596099706 
-34.0 14.866068747318506 
-33.0 14.7648230602334 
-30.0 12.041594578792296 
-35.0 16.278820596099706 
-34.0 14.866068747318506 
-33.0 14.7648230602334 
-35.0 16.278820596099706 
-30.0 12.041594578792296 
-34.0 14.866068747318506 
-33.0 14.7648230602334 
-35.0 16.278820596099706 
-30.0 12.041594578792296 
-34.0 14.866068747318506 
-33.0 14.7648230602334 
-30.0 12.041594578792296 
-35.0 16.278820596099706 
-34.0 14.866068747318506 
-33.0 14.7648230602334 
-35.0 16.278820596099706 
-30.0 12.041594578792296 
-34.0 14.866068747318506 
-33.0 14.7648230602334 
-35.0 16.278820596099706 
-30.0 12.041594578792296 
-34.0 14.866068747318506 
-33.0 14.7648230602334 
-30.0 12.041594578792296 
-35.0 16.278820596099706 
-34.0 14.866068747318506 
