-34.0 14.212670403551895 
-27.0 12.529964086141668 
-27.0 12.529964086141668 
-34.0 14.212670403551895 
-32.0 13.038404810405298 
-30.0 12.806248474865697 
-33.0 13.601470508735444 
-33.0 13.601470508735444 
-30.0 12.806248474865697 
-32.0 13.038404810405298 
-34.0 14.212670403551895 
-27.0 12.529964086141668 
-33.0 13.601470508735444 
-30.0 12.806248474865697 
-32.0 13.038404810405298 
-27.0 12.529964086141668 
-34.0 14.212670403551895 
-33.0 13.601470508735444 
-30.0 12.806248474865697 
-32.0 13.038404810405298 
-27.0 12.529964086141668 
-34.0 14.212670403551895 
-33.0 13.601470508735444 
-30.0 12.806248474865697 
-32.0 13.038404810405298 
-27.0 12.529964086141668 
-34.0 14.212670403551895 
-33.0 13.601470508735444 
-30.0 12.806248474865697 
-32.0 13.038404810405298 
-34.0 14.212670403551895 
-27.0 12.529964086141668 
-33.0 13.601470508735444 
-30.0 12.806248474865697 
-32.0 13.038404810405298 
-27.0 12.529964086141668 
-34.0 14.212670403551895 
-33.0 13.601470508735444 
-30.0 12.806248474865697 
-32.0 13.038404810405298 
-27.0 12.529964086141668 
-34.0 14.212670403551895 
-33.0 13.601470508735444 
-30.0 12.806248474865697 
-32.0 13.038404810405298 
-34.0 14.212670403551895 
-27.0 12.529964086141668 
-33.0 13.601470508735444 
-30.0 12.806248474865697 
-32.0 13.038404810405298 
-27.0 12.529964086141668 
-34.0 14.212670403551895 
-33.0 13.601470508735444 
-30.0 12.806248474865697 
-32.0 13.038404810405298 
-27.0 12.529964086141668 
-34.0 14.212670403551895 
-33.0 13.601470508735444 
-30.0 12.806248474865697 
-32.0 13.038404810405298 
-27.0 12.529964086141668 
-34.0 14.212670403551895 
-33.0 13.601470508735444 
-30.0 12.806248474865697 
-32.0 13.038404810405298 
-27.0 12.529964086141668 
-34.0 14.212670403551895 
-33.0 13.601470508735444 
-30.0 12.806248474865697 
-32.0 13.038404810405298 
-34.0 14.212670403551895 
-27.0 12.529964086141668 
-33.0 13.601470508735444 
-30.0 12.806248474865697 
-32.0 13.038404810405298 
-27.0 12.529964086141668 
-34.0 14.212670403551895 
-33.0 13.601470508735444 
-30.0 12.806248474865697 
-32.0 13.038404810405298 
-27.0 12.529964086141668 
-34.0 14.212670403551895 
-33.0 13.601470508735444 
-30.0 12.806248474865697 
-32.0 13.038404810405298 
-27.0 12.529964086141668 
-34.0 14.212670403551895 
-33.0 13.601470508735444 
-30.0 12.806248474865697 
-32.0 13.038404810405298 
-27.0 12.529964086141668 
-34.0 14.212670403551895 
-33.0 13.601470508735444 
-30.0 12.806248474865697 
-32.0 13.038404810405298 
-27.0 12.529964086141668 
-34.0 14.212670403551895 
-33.0 13.601470508735444 
-30.0 12.806248474865697 
-32.0 13.038404810405298 
