-37.0 12.649110640673518 
-39.0 14.317821063276353 
-37.0 12.649110640673518 
-39.0 14.317821063276353 
-37.0 12.649110640673518 
-39.0 14.317821063276353 
-39.0 14.317821063276353 
-37.0 12.649110640673518 
-37.0 12.649110640673518 
-39.0 14.317821063276353 
-39.0 14.317821063276353 
-37.0 12.649110640673518 
-39.0 14.317821063276353 
-37.0 12.649110640673518 
-37.0 12.649110640673518 
-39.0 14.317821063276353 
-39.0 14.317821063276353 
-37.0 12.649110640673518 
-39.0 14.317821063276353 
-37.0 12.649110640673518 
-37.0 12.649110640673518 
-39.0 14.317821063276353 
-37.0 12.649110640673518 
-39.0 14.317821063276353 
-37.0 12.649110640673518 
-39.0 14.317821063276353 
-37.0 12.649110640673518 
-39.0 14.317821063276353 
-39.0 14.317821063276353 
-37.0 12.649110640673518 
-39.0 14.317821063276353 
-37.0 12.649110640673518 
-37.0 12.649110640673518 
-37.0 12.649110640673518 
-37.0 12.649110640673518 
-37.0 12.649110640673518 
-37.0 12.649110640673518 
-37.0 12.649110640673518 
-37.0 12.649110640673518 
-37.0 12.649110640673518 
-37.0 12.649110640673518 
-37.0 12.649110640673518 
-39.0 14.317821063276353 
-37.0 12.649110640673518 
-39.0 14.317821063276353 
-37.0 12.649110640673518 
-37.0 12.649110640673518 
-39.0 14.317821063276353 
-39.0 14.317821063276353 
-37.0 12.649110640673518 
-39.0 14.317821063276353 
-37.0 12.649110640673518 
-39.0 14.317821063276353 
-37.0 12.649110640673518 
-37.0 12.649110640673518 
-39.0 14.317821063276353 
-37.0 12.649110640673518 
-39.0 14.317821063276353 
-39.0 14.317821063276353 
-37.0 12.649110640673518 
-39.0 14.317821063276353 
-37.0 12.649110640673518 
-39.0 14.317821063276353 
-39.0 14.317821063276353 
-39.0 14.317821063276353 
-39.0 14.317821063276353 
-39.0 14.317821063276353 
-39.0 14.317821063276353 
-37.0 12.649110640673518 
-39.0 14.317821063276353 
-39.0 14.317821063276353 
-39.0 14.317821063276353 
-37.0 12.649110640673518 
-37.0 12.649110640673518 
-37.0 12.649110640673518 
-37.0 12.649110640673518 
-37.0 12.649110640673518 
-39.0 14.317821063276353 
-39.0 14.317821063276353 
-39.0 14.317821063276353 
-37.0 12.649110640673518 
-39.0 14.317821063276353 
-39.0 14.317821063276353 
-37.0 12.649110640673518 
-37.0 12.649110640673518 
-39.0 14.317821063276353 
-37.0 12.649110640673518 
-37.0 12.649110640673518 
-39.0 14.317821063276353 
-37.0 12.649110640673518 
-37.0 12.649110640673518 
-37.0 12.649110640673518 
-37.0 12.649110640673518 
-39.0 14.317821063276353 
-39.0 14.317821063276353 
-37.0 12.649110640673518 
-37.0 12.649110640673518 
-39.0 14.317821063276353 
-37.0 12.649110640673518 
-39.0 14.317821063276353 
