-28.0 12.36931687685298 
-35.0 15.811388300841896 
-28.0 12.36931687685298 
-35.0 15.811388300841896 
-33.0 15.132745950421556 
-32.0 13.416407864998739 
-33.0 15.132745950421556 
-29.0 13.0 
-30.0 13.038404810405298 
-32.0 13.416407864998739 
-30.0 13.038404810405298 
-29.0 13.0 
-35.0 15.811388300841896 
-28.0 12.36931687685298 
-33.0 15.132745950421556 
-32.0 13.416407864998739 
-30.0 13.038404810405298 
-29.0 13.0 
-35.0 15.811388300841896 
-28.0 12.36931687685298 
-33.0 15.132745950421556 
-32.0 13.416407864998739 
-30.0 13.038404810405298 
-29.0 13.0 
-35.0 15.811388300841896 
-28.0 12.36931687685298 
-33.0 15.132745950421556 
-30.0 13.038404810405298 
-29.0 13.0 
-35.0 15.811388300841896 
-28.0 12.36931687685298 
-33.0 15.132745950421556 
-30.0 13.038404810405298 
-29.0 13.0 
-28.0 12.36931687685298 
-33.0 15.132745950421556 
-30.0 13.038404810405298 
-29.0 13.0 
-28.0 12.36931687685298 
-33.0 15.132745950421556 
-30.0 13.038404810405298 
-29.0 13.0 
-28.0 12.36931687685298 
-33.0 15.132745950421556 
-30.0 13.038404810405298 
-29.0 13.0 
-28.0 12.36931687685298 
-33.0 15.132745950421556 
-30.0 13.038404810405298 
-29.0 13.0 
-28.0 12.36931687685298 
-33.0 15.132745950421556 
-30.0 13.038404810405298 
-29.0 13.0 
-28.0 12.36931687685298 
-33.0 15.132745950421556 
-30.0 13.038404810405298 
-29.0 13.0 
-28.0 12.36931687685298 
-33.0 15.132745950421556 
-30.0 13.038404810405298 
-29.0 13.0 
-28.0 12.36931687685298 
-33.0 15.132745950421556 
-30.0 13.038404810405298 
-29.0 13.0 
-28.0 12.36931687685298 
-33.0 15.132745950421556 
-30.0 13.038404810405298 
-29.0 13.0 
-28.0 12.36931687685298 
-33.0 15.132745950421556 
-30.0 13.038404810405298 
-29.0 13.0 
-28.0 12.36931687685298 
-33.0 15.132745950421556 
-30.0 13.038404810405298 
-29.0 13.0 
-28.0 12.36931687685298 
-30.0 13.038404810405298 
-29.0 13.0 
-28.0 12.36931687685298 
-30.0 13.038404810405298 
-29.0 13.0 
-28.0 12.36931687685298 
-30.0 13.038404810405298 
-29.0 13.0 
-28.0 12.36931687685298 
-30.0 13.038404810405298 
-30.0 13.038404810405298 
-33.0 15.132745950421556 
-30.0 13.038404810405298 
-28.0 12.36931687685298 
-29.0 13.0 
-29.0 13.0 
-33.0 15.132745950421556 
-29.0 13.0 
-29.0 13.0 
-29.0 13.0 
-30.0 13.038404810405298 
