-34.0 13.416407864998739 
-37.0 13.45362404707371 
-37.0 13.45362404707371 
-34.0 13.416407864998739 
-37.0 13.45362404707371 
-34.0 13.416407864998739 
-37.0 13.45362404707371 
-34.0 13.416407864998739 
-37.0 13.45362404707371 
-34.0 13.416407864998739 
-34.0 13.416407864998739 
-34.0 13.416407864998739 
-34.0 13.416407864998739 
-34.0 13.416407864998739 
-34.0 13.416407864998739 
-34.0 13.416407864998739 
-34.0 13.416407864998739 
-34.0 13.416407864998739 
-34.0 13.416407864998739 
-34.0 13.416407864998739 
-34.0 13.416407864998739 
-34.0 13.416407864998739 
-34.0 13.416407864998739 
-34.0 13.416407864998739 
-34.0 13.416407864998739 
-34.0 13.416407864998739 
-34.0 13.416407864998739 
-34.0 13.416407864998739 
-34.0 13.416407864998739 
-34.0 13.416407864998739 
-34.0 13.416407864998739 
-34.0 13.416407864998739 
-34.0 13.416407864998739 
-34.0 13.416407864998739 
-34.0 13.416407864998739 
-34.0 13.416407864998739 
-34.0 13.416407864998739 
-34.0 13.416407864998739 
-34.0 13.416407864998739 
-34.0 13.416407864998739 
-34.0 13.416407864998739 
-34.0 13.416407864998739 
-34.0 13.416407864998739 
-34.0 13.416407864998739 
-34.0 13.416407864998739 
-34.0 13.416407864998739 
-34.0 13.416407864998739 
-34.0 13.416407864998739 
-34.0 13.416407864998739 
-34.0 13.416407864998739 
-34.0 13.416407864998739 
-34.0 13.416407864998739 
-34.0 13.416407864998739 
-34.0 13.416407864998739 
-34.0 13.416407864998739 
-34.0 13.416407864998739 
-34.0 13.416407864998739 
-34.0 13.416407864998739 
-34.0 13.416407864998739 
-34.0 13.416407864998739 
-34.0 13.416407864998739 
-34.0 13.416407864998739 
-34.0 13.416407864998739 
-34.0 13.416407864998739 
-34.0 13.416407864998739 
-34.0 13.416407864998739 
-34.0 13.416407864998739 
-34.0 13.416407864998739 
-34.0 13.416407864998739 
-34.0 13.416407864998739 
-34.0 13.416407864998739 
-34.0 13.416407864998739 
-34.0 13.416407864998739 
-34.0 13.416407864998739 
-37.0 13.45362404707371 
-34.0 13.416407864998739 
-34.0 13.416407864998739 
-34.0 13.416407864998739 
-34.0 13.416407864998739 
-34.0 13.416407864998739 
-34.0 13.416407864998739 
-34.0 13.416407864998739 
-34.0 13.416407864998739 
-34.0 13.416407864998739 
-34.0 13.416407864998739 
-34.0 13.416407864998739 
-34.0 13.416407864998739 
-34.0 13.416407864998739 
-34.0 13.416407864998739 
-34.0 13.416407864998739 
-34.0 13.416407864998739 
-34.0 13.416407864998739 
-37.0 13.45362404707371 
-34.0 13.416407864998739 
-34.0 13.416407864998739 
-34.0 13.416407864998739 
-34.0 13.416407864998739 
-34.0 13.416407864998739 
-34.0 13.416407864998739 
-34.0 13.416407864998739 
