-35.0 17.11724276862369 
-30.0 12.529964086141668 
-30.0 12.529964086141668 
-35.0 17.11724276862369 
-34.0 13.92838827718412 
-33.0 13.0 
-34.0 13.92838827718412 
-33.0 13.0 
-35.0 17.11724276862369 
-30.0 12.529964086141668 
-34.0 13.92838827718412 
-33.0 13.0 
-35.0 17.11724276862369 
-30.0 12.529964086141668 
-34.0 13.92838827718412 
-33.0 13.0 
-35.0 17.11724276862369 
-30.0 12.529964086141668 
-34.0 13.92838827718412 
-33.0 13.0 
-30.0 12.529964086141668 
-35.0 17.11724276862369 
-34.0 13.92838827718412 
-33.0 13.0 
-35.0 17.11724276862369 
-30.0 12.529964086141668 
-34.0 13.92838827718412 
-33.0 13.0 
-30.0 12.529964086141668 
-35.0 17.11724276862369 
-34.0 13.92838827718412 
-33.0 13.0 
-35.0 17.11724276862369 
-30.0 12.529964086141668 
-34.0 13.92838827718412 
-33.0 13.0 
-35.0 17.11724276862369 
-30.0 12.529964086141668 
-34.0 13.92838827718412 
-33.0 13.0 
-35.0 17.11724276862369 
-30.0 12.529964086141668 
-34.0 13.92838827718412 
-33.0 13.0 
-35.0 17.11724276862369 
-30.0 12.529964086141668 
-34.0 13.92838827718412 
-33.0 13.0 
-35.0 17.11724276862369 
-30.0 12.529964086141668 
-34.0 13.92838827718412 
-33.0 13.0 
-35.0 17.11724276862369 
-30.0 12.529964086141668 
-34.0 13.92838827718412 
-33.0 13.0 
-30.0 12.529964086141668 
-35.0 17.11724276862369 
-34.0 13.92838827718412 
-33.0 13.0 
-30.0 12.529964086141668 
-35.0 17.11724276862369 
-34.0 13.92838827718412 
-33.0 13.0 
-35.0 17.11724276862369 
-30.0 12.529964086141668 
-34.0 13.92838827718412 
-33.0 13.0 
-30.0 12.529964086141668 
-35.0 17.11724276862369 
-34.0 13.92838827718412 
-33.0 13.0 
-30.0 12.529964086141668 
-35.0 17.11724276862369 
-34.0 13.92838827718412 
-33.0 13.0 
-30.0 12.529964086141668 
-35.0 17.11724276862369 
-34.0 13.92838827718412 
-33.0 13.0 
-30.0 12.529964086141668 
-35.0 17.11724276862369 
-34.0 13.92838827718412 
-33.0 13.0 
-35.0 17.11724276862369 
-30.0 12.529964086141668 
-34.0 13.92838827718412 
-33.0 13.0 
-30.0 12.529964086141668 
-35.0 17.11724276862369 
-34.0 13.92838827718412 
-33.0 13.0 
-30.0 12.529964086141668 
-35.0 17.11724276862369 
-34.0 13.92838827718412 
-33.0 13.0 
-30.0 12.529964086141668 
-35.0 17.11724276862369 
-34.0 13.92838827718412 
-33.0 13.0 
