-29.0 13.341664064126334 
-32.0 13.601470508735444 
-29.0 13.341664064126334 
-32.0 13.601470508735444 
-31.0 13.416407864998739 
-31.0 13.416407864998739 
-32.0 13.601470508735444 
-29.0 13.341664064126334 
-31.0 13.416407864998739 
-32.0 13.601470508735444 
-29.0 13.341664064126334 
-31.0 13.416407864998739 
-32.0 13.601470508735444 
-29.0 13.341664064126334 
-31.0 13.416407864998739 
-29.0 13.341664064126334 
-32.0 13.601470508735444 
-31.0 13.416407864998739 
-32.0 13.601470508735444 
-29.0 13.341664064126334 
-31.0 13.416407864998739 
-29.0 13.341664064126334 
-32.0 13.601470508735444 
-31.0 13.416407864998739 
-29.0 13.341664064126334 
-32.0 13.601470508735444 
-31.0 13.416407864998739 
-32.0 13.601470508735444 
-29.0 13.341664064126334 
-31.0 13.416407864998739 
-32.0 13.601470508735444 
-29.0 13.341664064126334 
-31.0 13.416407864998739 
-32.0 13.601470508735444 
-29.0 13.341664064126334 
-31.0 13.416407864998739 
-29.0 13.341664064126334 
-32.0 13.601470508735444 
-31.0 13.416407864998739 
-29.0 13.341664064126334 
-32.0 13.601470508735444 
-31.0 13.416407864998739 
-29.0 13.341664064126334 
-32.0 13.601470508735444 
-31.0 13.416407864998739 
-32.0 13.601470508735444 
-29.0 13.341664064126334 
-31.0 13.416407864998739 
-29.0 13.341664064126334 
-32.0 13.601470508735444 
-31.0 13.416407864998739 
-29.0 13.341664064126334 
-32.0 13.601470508735444 
-31.0 13.416407864998739 
-29.0 13.341664064126334 
-32.0 13.601470508735444 
-31.0 13.416407864998739 
-32.0 13.601470508735444 
-29.0 13.341664064126334 
-31.0 13.416407864998739 
-32.0 13.601470508735444 
-29.0 13.341664064126334 
-31.0 13.416407864998739 
-29.0 13.341664064126334 
-32.0 13.601470508735444 
-31.0 13.416407864998739 
-29.0 13.341664064126334 
-32.0 13.601470508735444 
-31.0 13.416407864998739 
-32.0 13.601470508735444 
-29.0 13.341664064126334 
-31.0 13.416407864998739 
-32.0 13.601470508735444 
-29.0 13.341664064126334 
-31.0 13.416407864998739 
-32.0 13.601470508735444 
-29.0 13.341664064126334 
-31.0 13.416407864998739 
-29.0 13.341664064126334 
-32.0 13.601470508735444 
-31.0 13.416407864998739 
-32.0 13.601470508735444 
-29.0 13.341664064126334 
-31.0 13.416407864998739 
-29.0 13.341664064126334 
-32.0 13.601470508735444 
-31.0 13.416407864998739 
-32.0 13.601470508735444 
-29.0 13.341664064126334 
-31.0 13.416407864998739 
-32.0 13.601470508735444 
-29.0 13.341664064126334 
-31.0 13.416407864998739 
-32.0 13.601470508735444 
-29.0 13.341664064126334 
-31.0 13.416407864998739 
-32.0 13.601470508735444 
-29.0 13.341664064126334 
-31.0 13.416407864998739 
-29.0 13.341664064126334 
