-32.0 11.704699910719626 
-40.0 14.422205101855956 
-32.0 11.704699910719626 
-40.0 14.422205101855956 
-34.0 12.36931687685298 
-39.0 13.601470508735444 
-37.0 13.152946437965905 
-37.0 13.152946437965905 
-34.0 12.36931687685298 
-39.0 13.601470508735444 
-32.0 11.704699910719626 
-40.0 14.422205101855956 
-37.0 13.152946437965905 
-34.0 12.36931687685298 
-39.0 13.601470508735444 
-40.0 14.422205101855956 
-32.0 11.704699910719626 
-37.0 13.152946437965905 
-34.0 12.36931687685298 
-39.0 13.601470508735444 
-40.0 14.422205101855956 
-32.0 11.704699910719626 
-37.0 13.152946437965905 
-34.0 12.36931687685298 
-39.0 13.601470508735444 
-32.0 11.704699910719626 
-40.0 14.422205101855956 
-37.0 13.152946437965905 
-34.0 12.36931687685298 
-39.0 13.601470508735444 
-40.0 14.422205101855956 
-32.0 11.704699910719626 
-37.0 13.152946437965905 
-34.0 12.36931687685298 
-39.0 13.601470508735444 
-32.0 11.704699910719626 
-40.0 14.422205101855956 
-37.0 13.152946437965905 
-34.0 12.36931687685298 
-39.0 13.601470508735444 
-32.0 11.704699910719626 
-40.0 14.422205101855956 
-37.0 13.152946437965905 
-34.0 12.36931687685298 
-39.0 13.601470508735444 
-32.0 11.704699910719626 
-40.0 14.422205101855956 
-34.0 12.36931687685298 
-39.0 13.601470508735444 
-32.0 11.704699910719626 
-40.0 14.422205101855956 
-34.0 12.36931687685298 
-39.0 13.601470508735444 
-40.0 14.422205101855956 
-32.0 11.704699910719626 
-34.0 12.36931687685298 
-39.0 13.601470508735444 
-40.0 14.422205101855956 
-32.0 11.704699910719626 
-34.0 12.36931687685298 
-39.0 13.601470508735444 
-32.0 11.704699910719626 
-40.0 14.422205101855956 
-34.0 12.36931687685298 
-39.0 13.601470508735444 
-40.0 14.422205101855956 
-32.0 11.704699910719626 
-34.0 12.36931687685298 
-39.0 13.601470508735444 
-32.0 11.704699910719626 
-40.0 14.422205101855956 
-34.0 12.36931687685298 
-39.0 13.601470508735444 
-32.0 11.704699910719626 
-40.0 14.422205101855956 
-34.0 12.36931687685298 
-39.0 13.601470508735444 
-32.0 11.704699910719626 
-40.0 14.422205101855956 
-34.0 12.36931687685298 
-39.0 13.601470508735444 
-32.0 11.704699910719626 
-40.0 14.422205101855956 
-34.0 12.36931687685298 
-39.0 13.601470508735444 
-32.0 11.704699910719626 
-40.0 14.422205101855956 
-34.0 12.36931687685298 
-39.0 13.601470508735444 
-40.0 14.422205101855956 
-32.0 11.704699910719626 
-34.0 12.36931687685298 
-39.0 13.601470508735444 
-32.0 11.704699910719626 
-40.0 14.422205101855956 
-34.0 12.36931687685298 
-39.0 13.601470508735444 
-40.0 14.422205101855956 
-32.0 11.704699910719626 
-34.0 12.36931687685298 
