-24.0 12.083045973594572 
-34.0 12.806248474865697 
-34.0 12.806248474865697 
-24.0 12.083045973594572 
-29.0 12.529964086141668 
-29.0 12.529964086141668 
-24.0 12.083045973594572 
-34.0 12.806248474865697 
-29.0 12.529964086141668 
-34.0 12.806248474865697 
-24.0 12.083045973594572 
-29.0 12.529964086141668 
-34.0 12.806248474865697 
-24.0 12.083045973594572 
-29.0 12.529964086141668 
-34.0 12.806248474865697 
-24.0 12.083045973594572 
-29.0 12.529964086141668 
-34.0 12.806248474865697 
-24.0 12.083045973594572 
-29.0 12.529964086141668 
-24.0 12.083045973594572 
-34.0 12.806248474865697 
-29.0 12.529964086141668 
-34.0 12.806248474865697 
-24.0 12.083045973594572 
-29.0 12.529964086141668 
-34.0 12.806248474865697 
-24.0 12.083045973594572 
-29.0 12.529964086141668 
-34.0 12.806248474865697 
-24.0 12.083045973594572 
-29.0 12.529964086141668 
-34.0 12.806248474865697 
-24.0 12.083045973594572 
-29.0 12.529964086141668 
-34.0 12.806248474865697 
-24.0 12.083045973594572 
-29.0 12.529964086141668 
-34.0 12.806248474865697 
-24.0 12.083045973594572 
-29.0 12.529964086141668 
-34.0 12.806248474865697 
-24.0 12.083045973594572 
-29.0 12.529964086141668 
-24.0 12.083045973594572 
-34.0 12.806248474865697 
-29.0 12.529964086141668 
-24.0 12.083045973594572 
-34.0 12.806248474865697 
-29.0 12.529964086141668 
-34.0 12.806248474865697 
-24.0 12.083045973594572 
-29.0 12.529964086141668 
-34.0 12.806248474865697 
-24.0 12.083045973594572 
-29.0 12.529964086141668 
-24.0 12.083045973594572 
-34.0 12.806248474865697 
-29.0 12.529964086141668 
-34.0 12.806248474865697 
-24.0 12.083045973594572 
-29.0 12.529964086141668 
-34.0 12.806248474865697 
-24.0 12.083045973594572 
-29.0 12.529964086141668 
-34.0 12.806248474865697 
-24.0 12.083045973594572 
-29.0 12.529964086141668 
-34.0 12.806248474865697 
-24.0 12.083045973594572 
-29.0 12.529964086141668 
-24.0 12.083045973594572 
-34.0 12.806248474865697 
-29.0 12.529964086141668 
-34.0 12.806248474865697 
-24.0 12.083045973594572 
-29.0 12.529964086141668 
-34.0 12.806248474865697 
-24.0 12.083045973594572 
-29.0 12.529964086141668 
-34.0 12.806248474865697 
-24.0 12.083045973594572 
-29.0 12.529964086141668 
-34.0 12.806248474865697 
-24.0 12.083045973594572 
-29.0 12.529964086141668 
-34.0 12.806248474865697 
-24.0 12.083045973594572 
-29.0 12.529964086141668 
-34.0 12.806248474865697 
-24.0 12.083045973594572 
-29.0 12.529964086141668 
-34.0 12.806248474865697 
-24.0 12.083045973594572 
-29.0 12.529964086141668 
-34.0 12.806248474865697 
-24.0 12.083045973594572 
-29.0 12.529964086141668 
-34.0 12.806248474865697 
