-29.0 12.206555615733702 
-35.0 15.811388300841896 
-35.0 15.811388300841896 
-29.0 12.206555615733702 
-33.0 13.0 
-34.0 14.422205101855956 
-34.0 14.422205101855956 
-33.0 13.0 
-35.0 15.811388300841896 
-29.0 12.206555615733702 
-34.0 14.422205101855956 
-33.0 13.0 
-35.0 15.811388300841896 
-29.0 12.206555615733702 
-34.0 14.422205101855956 
-33.0 13.0 
-35.0 15.811388300841896 
-29.0 12.206555615733702 
-34.0 14.422205101855956 
-33.0 13.0 
-35.0 15.811388300841896 
-29.0 12.206555615733702 
-34.0 14.422205101855956 
-33.0 13.0 
-29.0 12.206555615733702 
-35.0 15.811388300841896 
-34.0 14.422205101855956 
-33.0 13.0 
-35.0 15.811388300841896 
-29.0 12.206555615733702 
-34.0 14.422205101855956 
-33.0 13.0 
-35.0 15.811388300841896 
-29.0 12.206555615733702 
-34.0 14.422205101855956 
-33.0 13.0 
-35.0 15.811388300841896 
-29.0 12.206555615733702 
-34.0 14.422205101855956 
-33.0 13.0 
-35.0 15.811388300841896 
-29.0 12.206555615733702 
-34.0 14.422205101855956 
-33.0 13.0 
-35.0 15.811388300841896 
-29.0 12.206555615733702 
-34.0 14.422205101855956 
-33.0 13.0 
-29.0 12.206555615733702 
-34.0 14.422205101855956 
-33.0 13.0 
-29.0 12.206555615733702 
-34.0 14.422205101855956 
-33.0 13.0 
-29.0 12.206555615733702 
-34.0 14.422205101855956 
-33.0 13.0 
-29.0 12.206555615733702 
-34.0 14.422205101855956 
-33.0 13.0 
-29.0 12.206555615733702 
-34.0 14.422205101855956 
-33.0 13.0 
-29.0 12.206555615733702 
-34.0 14.422205101855956 
-33.0 13.0 
-29.0 12.206555615733702 
-34.0 14.422205101855956 
-33.0 13.0 
-29.0 12.206555615733702 
-34.0 14.422205101855956 
-33.0 13.0 
-29.0 12.206555615733702 
-34.0 14.422205101855956 
-33.0 13.0 
-29.0 12.206555615733702 
-34.0 14.422205101855956 
-33.0 13.0 
-29.0 12.206555615733702 
-34.0 14.422205101855956 
-33.0 13.0 
-29.0 12.206555615733702 
-34.0 14.422205101855956 
-33.0 13.0 
-29.0 12.206555615733702 
-34.0 14.422205101855956 
-33.0 13.0 
-29.0 12.206555615733702 
-34.0 14.422205101855956 
-33.0 13.0 
-29.0 12.206555615733702 
-34.0 14.422205101855956 
-33.0 13.0 
-29.0 12.206555615733702 
-34.0 14.422205101855956 
-33.0 13.0 
-29.0 12.206555615733702 
-34.0 14.422205101855956 
-33.0 13.0 
-29.0 12.206555615733702 
