-38.0 14.866068747318506 
-28.0 12.206555615733702 
-28.0 12.206555615733702 
-38.0 14.866068747318506 
-35.0 13.45362404707371 
-36.0 14.7648230602334 
-30.0 12.649110640673518 
-30.0 12.649110640673518 
-35.0 13.45362404707371 
-36.0 14.7648230602334 
-28.0 12.206555615733702 
-38.0 14.866068747318506 
-30.0 12.649110640673518 
-35.0 13.45362404707371 
-36.0 14.7648230602334 
-38.0 14.866068747318506 
-28.0 12.206555615733702 
-30.0 12.649110640673518 
-35.0 13.45362404707371 
-36.0 14.7648230602334 
-38.0 14.866068747318506 
-28.0 12.206555615733702 
-30.0 12.649110640673518 
-35.0 13.45362404707371 
-36.0 14.7648230602334 
-28.0 12.206555615733702 
-38.0 14.866068747318506 
-30.0 12.649110640673518 
-35.0 13.45362404707371 
-36.0 14.7648230602334 
-28.0 12.206555615733702 
-38.0 14.866068747318506 
-30.0 12.649110640673518 
-35.0 13.45362404707371 
-36.0 14.7648230602334 
-38.0 14.866068747318506 
-28.0 12.206555615733702 
-30.0 12.649110640673518 
-35.0 13.45362404707371 
-36.0 14.7648230602334 
-38.0 14.866068747318506 
-28.0 12.206555615733702 
-30.0 12.649110640673518 
-35.0 13.45362404707371 
-36.0 14.7648230602334 
-38.0 14.866068747318506 
-28.0 12.206555615733702 
-30.0 12.649110640673518 
-35.0 13.45362404707371 
-36.0 14.7648230602334 
-28.0 12.206555615733702 
-38.0 14.866068747318506 
-30.0 12.649110640673518 
-35.0 13.45362404707371 
-36.0 14.7648230602334 
-28.0 12.206555615733702 
-38.0 14.866068747318506 
-30.0 12.649110640673518 
-35.0 13.45362404707371 
-36.0 14.7648230602334 
-38.0 14.866068747318506 
-28.0 12.206555615733702 
-30.0 12.649110640673518 
-35.0 13.45362404707371 
-36.0 14.7648230602334 
-28.0 12.206555615733702 
-38.0 14.866068747318506 
-30.0 12.649110640673518 
-35.0 13.45362404707371 
-36.0 14.7648230602334 
-28.0 12.206555615733702 
-38.0 14.866068747318506 
-30.0 12.649110640673518 
-35.0 13.45362404707371 
-36.0 14.7648230602334 
-28.0 12.206555615733702 
-38.0 14.866068747318506 
-30.0 12.649110640673518 
-35.0 13.45362404707371 
-36.0 14.7648230602334 
-28.0 12.206555615733702 
-38.0 14.866068747318506 
-30.0 12.649110640673518 
-35.0 13.45362404707371 
-36.0 14.7648230602334 
-28.0 12.206555615733702 
-38.0 14.866068747318506 
-30.0 12.649110640673518 
-35.0 13.45362404707371 
-36.0 14.7648230602334 
-38.0 14.866068747318506 
-28.0 12.206555615733702 
-30.0 12.649110640673518 
-35.0 13.45362404707371 
-36.0 14.7648230602334 
-28.0 12.206555615733702 
-38.0 14.866068747318506 
-30.0 12.649110640673518 
-35.0 13.45362404707371 
-36.0 14.7648230602334 
