-29.0 12.806248474865697 
-36.0 15.264337522473747 
-36.0 15.264337522473747 
-29.0 12.806248474865697 
-32.0 13.92838827718412 
-31.0 13.038404810405298 
-34.0 14.560219778561036 
-32.0 13.92838827718412 
-34.0 14.560219778561036 
-35.0 14.7648230602334 
-31.0 13.038404810405298 
-35.0 14.7648230602334 
-29.0 12.806248474865697 
-36.0 15.264337522473747 
-32.0 13.92838827718412 
-34.0 14.560219778561036 
-31.0 13.038404810405298 
-35.0 14.7648230602334 
-29.0 12.806248474865697 
-36.0 15.264337522473747 
-32.0 13.92838827718412 
-34.0 14.560219778561036 
-31.0 13.038404810405298 
-35.0 14.7648230602334 
-36.0 15.264337522473747 
-29.0 12.806248474865697 
-32.0 13.92838827718412 
-34.0 14.560219778561036 
-31.0 13.038404810405298 
-35.0 14.7648230602334 
-29.0 12.806248474865697 
-36.0 15.264337522473747 
-32.0 13.92838827718412 
-34.0 14.560219778561036 
-31.0 13.038404810405298 
-35.0 14.7648230602334 
-29.0 12.806248474865697 
-36.0 15.264337522473747 
-32.0 13.92838827718412 
-34.0 14.560219778561036 
-31.0 13.038404810405298 
-35.0 14.7648230602334 
-29.0 12.806248474865697 
-36.0 15.264337522473747 
-32.0 13.92838827718412 
-34.0 14.560219778561036 
-35.0 14.7648230602334 
-36.0 15.264337522473747 
-29.0 12.806248474865697 
-32.0 13.92838827718412 
-34.0 14.560219778561036 
-35.0 14.7648230602334 
-29.0 12.806248474865697 
-36.0 15.264337522473747 
-32.0 13.92838827718412 
-34.0 14.560219778561036 
-35.0 14.7648230602334 
-36.0 15.264337522473747 
-29.0 12.806248474865697 
-32.0 13.92838827718412 
-34.0 14.560219778561036 
-35.0 14.7648230602334 
-36.0 15.264337522473747 
-29.0 12.806248474865697 
-32.0 13.92838827718412 
-34.0 14.560219778561036 
-35.0 14.7648230602334 
-29.0 12.806248474865697 
-36.0 15.264337522473747 
-32.0 13.92838827718412 
-34.0 14.560219778561036 
-35.0 14.7648230602334 
-36.0 15.264337522473747 
-29.0 12.806248474865697 
-32.0 13.92838827718412 
-34.0 14.560219778561036 
-35.0 14.7648230602334 
-29.0 12.806248474865697 
-36.0 15.264337522473747 
-32.0 13.92838827718412 
-34.0 14.560219778561036 
-35.0 14.7648230602334 
-29.0 12.806248474865697 
-36.0 15.264337522473747 
-32.0 13.92838827718412 
-34.0 14.560219778561036 
-35.0 14.7648230602334 
-29.0 12.806248474865697 
-36.0 15.264337522473747 
-32.0 13.92838827718412 
-34.0 14.560219778561036 
-35.0 14.7648230602334 
-29.0 12.806248474865697 
-36.0 15.264337522473747 
-32.0 13.92838827718412 
-34.0 14.560219778561036 
-35.0 14.7648230602334 
-29.0 12.806248474865697 
-36.0 15.264337522473747 
-32.0 13.92838827718412 
