-33.0 14.317821063276353 
-32.0 13.152946437965905 
-32.0 13.152946437965905 
-33.0 14.317821063276353 
-32.0 13.152946437965905 
-33.0 14.317821063276353 
-33.0 14.317821063276353 
-32.0 13.152946437965905 
-33.0 14.317821063276353 
-32.0 13.152946437965905 
-32.0 13.152946437965905 
-33.0 14.317821063276353 
-32.0 13.152946437965905 
-33.0 14.317821063276353 
-32.0 13.152946437965905 
-33.0 14.317821063276353 
-32.0 13.152946437965905 
-33.0 14.317821063276353 
-33.0 14.317821063276353 
-32.0 13.152946437965905 
-32.0 13.152946437965905 
-33.0 14.317821063276353 
-32.0 13.152946437965905 
-33.0 14.317821063276353 
-32.0 13.152946437965905 
-33.0 14.317821063276353 
-32.0 13.152946437965905 
-33.0 14.317821063276353 
-32.0 13.152946437965905 
-33.0 14.317821063276353 
-32.0 13.152946437965905 
-33.0 14.317821063276353 
-33.0 14.317821063276353 
-32.0 13.152946437965905 
-32.0 13.152946437965905 
-33.0 14.317821063276353 
-32.0 13.152946437965905 
-33.0 14.317821063276353 
-33.0 14.317821063276353 
-32.0 13.152946437965905 
-32.0 13.152946437965905 
-33.0 14.317821063276353 
-32.0 13.152946437965905 
-33.0 14.317821063276353 
-32.0 13.152946437965905 
-33.0 14.317821063276353 
-32.0 13.152946437965905 
-33.0 14.317821063276353 
-33.0 14.317821063276353 
-32.0 13.152946437965905 
-32.0 13.152946437965905 
-33.0 14.317821063276353 
-33.0 14.317821063276353 
-32.0 13.152946437965905 
-33.0 14.317821063276353 
-32.0 13.152946437965905 
-32.0 13.152946437965905 
-33.0 14.317821063276353 
-32.0 13.152946437965905 
-33.0 14.317821063276353 
-32.0 13.152946437965905 
-33.0 14.317821063276353 
-32.0 13.152946437965905 
-33.0 14.317821063276353 
-32.0 13.152946437965905 
-33.0 14.317821063276353 
-33.0 14.317821063276353 
-32.0 13.152946437965905 
-32.0 13.152946437965905 
-33.0 14.317821063276353 
-32.0 13.152946437965905 
-33.0 14.317821063276353 
-32.0 13.152946437965905 
-33.0 14.317821063276353 
-32.0 13.152946437965905 
-33.0 14.317821063276353 
-32.0 13.152946437965905 
-33.0 14.317821063276353 
-33.0 14.317821063276353 
-32.0 13.152946437965905 
-33.0 14.317821063276353 
-32.0 13.152946437965905 
-33.0 14.317821063276353 
-32.0 13.152946437965905 
-32.0 13.152946437965905 
-33.0 14.317821063276353 
-32.0 13.152946437965905 
-33.0 14.317821063276353 
-32.0 13.152946437965905 
-33.0 14.317821063276353 
-33.0 14.317821063276353 
-32.0 13.152946437965905 
-32.0 13.152946437965905 
-33.0 14.317821063276353 
-32.0 13.152946437965905 
-33.0 14.317821063276353 
-32.0 13.152946437965905 
-33.0 14.317821063276353 
-33.0 14.317821063276353 
-32.0 13.152946437965905 
