-30.0 12.206555615733702 
-32.0 13.601470508735444 
-30.0 12.206555615733702 
-32.0 13.601470508735444 
-31.0 12.727922061357855 
-31.0 12.727922061357855 
-30.0 12.206555615733702 
-32.0 13.601470508735444 
-31.0 12.727922061357855 
-32.0 13.601470508735444 
-30.0 12.206555615733702 
-31.0 12.727922061357855 
-30.0 12.206555615733702 
-32.0 13.601470508735444 
-31.0 12.727922061357855 
-32.0 13.601470508735444 
-30.0 12.206555615733702 
-31.0 12.727922061357855 
-30.0 12.206555615733702 
-32.0 13.601470508735444 
-31.0 12.727922061357855 
-30.0 12.206555615733702 
-32.0 13.601470508735444 
-31.0 12.727922061357855 
-32.0 13.601470508735444 
-30.0 12.206555615733702 
-31.0 12.727922061357855 
-32.0 13.601470508735444 
-30.0 12.206555615733702 
-31.0 12.727922061357855 
-32.0 13.601470508735444 
-30.0 12.206555615733702 
-31.0 12.727922061357855 
-32.0 13.601470508735444 
-30.0 12.206555615733702 
-31.0 12.727922061357855 
-30.0 12.206555615733702 
-32.0 13.601470508735444 
-31.0 12.727922061357855 
-30.0 12.206555615733702 
-32.0 13.601470508735444 
-31.0 12.727922061357855 
-30.0 12.206555615733702 
-32.0 13.601470508735444 
-31.0 12.727922061357855 
-32.0 13.601470508735444 
-30.0 12.206555615733702 
-31.0 12.727922061357855 
-32.0 13.601470508735444 
-30.0 12.206555615733702 
-31.0 12.727922061357855 
-30.0 12.206555615733702 
-32.0 13.601470508735444 
-31.0 12.727922061357855 
-32.0 13.601470508735444 
-30.0 12.206555615733702 
-31.0 12.727922061357855 
-30.0 12.206555615733702 
-32.0 13.601470508735444 
-31.0 12.727922061357855 
-30.0 12.206555615733702 
-32.0 13.601470508735444 
-31.0 12.727922061357855 
-32.0 13.601470508735444 
-30.0 12.206555615733702 
-31.0 12.727922061357855 
-32.0 13.601470508735444 
-30.0 12.206555615733702 
-31.0 12.727922061357855 
-32.0 13.601470508735444 
-30.0 12.206555615733702 
-31.0 12.727922061357855 
-30.0 12.206555615733702 
-32.0 13.601470508735444 
-31.0 12.727922061357855 
-32.0 13.601470508735444 
-30.0 12.206555615733702 
-31.0 12.727922061357855 
-30.0 12.206555615733702 
-32.0 13.601470508735444 
-31.0 12.727922061357855 
-30.0 12.206555615733702 
-32.0 13.601470508735444 
-31.0 12.727922061357855 
-30.0 12.206555615733702 
-32.0 13.601470508735444 
-31.0 12.727922061357855 
-30.0 12.206555615733702 
-32.0 13.601470508735444 
-31.0 12.727922061357855 
-30.0 12.206555615733702 
-32.0 13.601470508735444 
-31.0 12.727922061357855 
-32.0 13.601470508735444 
-30.0 12.206555615733702 
-31.0 12.727922061357855 
-30.0 12.206555615733702 
-32.0 13.601470508735444 
-31.0 12.727922061357855 
-30.0 12.206555615733702 
