-34.0 12.806248474865697 
-36.0 16.1245154965971 
-36.0 16.1245154965971 
-34.0 12.806248474865697 
-35.0 15.811388300841896 
-35.0 15.811388300841896 
-36.0 16.1245154965971 
-34.0 12.806248474865697 
-35.0 15.811388300841896 
-34.0 12.806248474865697 
-36.0 16.1245154965971 
-35.0 15.811388300841896 
-36.0 16.1245154965971 
-34.0 12.806248474865697 
-35.0 15.811388300841896 
-36.0 16.1245154965971 
-34.0 12.806248474865697 
-35.0 15.811388300841896 
-34.0 12.806248474865697 
-36.0 16.1245154965971 
-35.0 15.811388300841896 
-36.0 16.1245154965971 
-34.0 12.806248474865697 
-35.0 15.811388300841896 
-36.0 16.1245154965971 
-34.0 12.806248474865697 
-35.0 15.811388300841896 
-36.0 16.1245154965971 
-34.0 12.806248474865697 
-35.0 15.811388300841896 
-36.0 16.1245154965971 
-34.0 12.806248474865697 
-35.0 15.811388300841896 
-36.0 16.1245154965971 
-34.0 12.806248474865697 
-35.0 15.811388300841896 
-36.0 16.1245154965971 
-34.0 12.806248474865697 
-35.0 15.811388300841896 
-36.0 16.1245154965971 
-34.0 12.806248474865697 
-35.0 15.811388300841896 
-36.0 16.1245154965971 
-34.0 12.806248474865697 
-35.0 15.811388300841896 
-36.0 16.1245154965971 
-34.0 12.806248474865697 
-35.0 15.811388300841896 
-34.0 12.806248474865697 
-36.0 16.1245154965971 
-35.0 15.811388300841896 
-36.0 16.1245154965971 
-34.0 12.806248474865697 
-35.0 15.811388300841896 
-36.0 16.1245154965971 
-34.0 12.806248474865697 
-35.0 15.811388300841896 
-36.0 16.1245154965971 
-34.0 12.806248474865697 
-35.0 15.811388300841896 
-36.0 16.1245154965971 
-34.0 12.806248474865697 
-35.0 15.811388300841896 
-36.0 16.1245154965971 
-34.0 12.806248474865697 
-35.0 15.811388300841896 
-36.0 16.1245154965971 
-34.0 12.806248474865697 
-35.0 15.811388300841896 
-36.0 16.1245154965971 
-34.0 12.806248474865697 
-35.0 15.811388300841896 
-36.0 16.1245154965971 
-34.0 12.806248474865697 
-35.0 15.811388300841896 
-34.0 12.806248474865697 
-36.0 16.1245154965971 
-35.0 15.811388300841896 
-36.0 16.1245154965971 
-34.0 12.806248474865697 
-35.0 15.811388300841896 
-34.0 12.806248474865697 
-35.0 15.811388300841896 
-34.0 12.806248474865697 
-34.0 12.806248474865697 
-34.0 12.806248474865697 
-34.0 12.806248474865697 
-34.0 12.806248474865697 
-34.0 12.806248474865697 
-34.0 12.806248474865697 
-34.0 12.806248474865697 
-35.0 15.811388300841896 
-34.0 12.806248474865697 
-35.0 15.811388300841896 
-34.0 12.806248474865697 
-34.0 12.806248474865697 
-34.0 12.806248474865697 
-35.0 15.811388300841896 
-34.0 12.806248474865697 
-34.0 12.806248474865697 
