-25.0 12.206555615733702 
-31.0 13.601470508735444 
-31.0 13.601470508735444 
-25.0 12.206555615733702 
-29.0 13.416407864998739 
-28.0 12.806248474865697 
-28.0 12.806248474865697 
-26.0 12.36931687685298 
-26.0 12.36931687685298 
-29.0 13.416407864998739 
-31.0 13.601470508735444 
-25.0 12.206555615733702 
-28.0 12.806248474865697 
-26.0 12.36931687685298 
-29.0 13.416407864998739 
-31.0 13.601470508735444 
-25.0 12.206555615733702 
-28.0 12.806248474865697 
-26.0 12.36931687685298 
-29.0 13.416407864998739 
-31.0 13.601470508735444 
-25.0 12.206555615733702 
-28.0 12.806248474865697 
-26.0 12.36931687685298 
-29.0 13.416407864998739 
-31.0 13.601470508735444 
-25.0 12.206555615733702 
-28.0 12.806248474865697 
-26.0 12.36931687685298 
-29.0 13.416407864998739 
-31.0 13.601470508735444 
-25.0 12.206555615733702 
-28.0 12.806248474865697 
-26.0 12.36931687685298 
-29.0 13.416407864998739 
-31.0 13.601470508735444 
-25.0 12.206555615733702 
-28.0 12.806248474865697 
-26.0 12.36931687685298 
-29.0 13.416407864998739 
-25.0 12.206555615733702 
-31.0 13.601470508735444 
-28.0 12.806248474865697 
-26.0 12.36931687685298 
-29.0 13.416407864998739 
-31.0 13.601470508735444 
-25.0 12.206555615733702 
-28.0 12.806248474865697 
-26.0 12.36931687685298 
-29.0 13.416407864998739 
-25.0 12.206555615733702 
-31.0 13.601470508735444 
-28.0 12.806248474865697 
-26.0 12.36931687685298 
-29.0 13.416407864998739 
-31.0 13.601470508735444 
-25.0 12.206555615733702 
-28.0 12.806248474865697 
-26.0 12.36931687685298 
-29.0 13.416407864998739 
-31.0 13.601470508735444 
-25.0 12.206555615733702 
-28.0 12.806248474865697 
-26.0 12.36931687685298 
-29.0 13.416407864998739 
-31.0 13.601470508735444 
-25.0 12.206555615733702 
-28.0 12.806248474865697 
-26.0 12.36931687685298 
-29.0 13.416407864998739 
-25.0 12.206555615733702 
-31.0 13.601470508735444 
-28.0 12.806248474865697 
-26.0 12.36931687685298 
-29.0 13.416407864998739 
-31.0 13.601470508735444 
-25.0 12.206555615733702 
-28.0 12.806248474865697 
-26.0 12.36931687685298 
-29.0 13.416407864998739 
-25.0 12.206555615733702 
-31.0 13.601470508735444 
-28.0 12.806248474865697 
-26.0 12.36931687685298 
-29.0 13.416407864998739 
-31.0 13.601470508735444 
-25.0 12.206555615733702 
-28.0 12.806248474865697 
-26.0 12.36931687685298 
-29.0 13.416407864998739 
-31.0 13.601470508735444 
-25.0 12.206555615733702 
-28.0 12.806248474865697 
-26.0 12.36931687685298 
-29.0 13.416407864998739 
-25.0 12.206555615733702 
-31.0 13.601470508735444 
-28.0 12.806248474865697 
-26.0 12.36931687685298 
-29.0 13.416407864998739 
