-25.0 12.36931687685298 
-33.0 16.15549442140351 
-25.0 12.36931687685298 
-33.0 16.15549442140351 
-32.0 14.212670403551895 
-29.0 12.806248474865697 
-31.0 13.341664064126334 
-26.0 12.649110640673518 
-32.0 14.212670403551895 
-29.0 12.806248474865697 
-31.0 13.341664064126334 
-26.0 12.649110640673518 
-25.0 12.36931687685298 
-33.0 16.15549442140351 
-32.0 14.212670403551895 
-29.0 12.806248474865697 
-31.0 13.341664064126334 
-26.0 12.649110640673518 
-25.0 12.36931687685298 
-33.0 16.15549442140351 
-32.0 14.212670403551895 
-29.0 12.806248474865697 
-31.0 13.341664064126334 
-26.0 12.649110640673518 
-33.0 16.15549442140351 
-25.0 12.36931687685298 
-32.0 14.212670403551895 
-29.0 12.806248474865697 
-31.0 13.341664064126334 
-26.0 12.649110640673518 
-33.0 16.15549442140351 
-25.0 12.36931687685298 
-32.0 14.212670403551895 
-29.0 12.806248474865697 
-31.0 13.341664064126334 
-26.0 12.649110640673518 
-33.0 16.15549442140351 
-25.0 12.36931687685298 
-32.0 14.212670403551895 
-29.0 12.806248474865697 
-31.0 13.341664064126334 
-26.0 12.649110640673518 
-25.0 12.36931687685298 
-33.0 16.15549442140351 
-32.0 14.212670403551895 
-29.0 12.806248474865697 
-31.0 13.341664064126334 
-26.0 12.649110640673518 
-25.0 12.36931687685298 
-33.0 16.15549442140351 
-32.0 14.212670403551895 
-29.0 12.806248474865697 
-31.0 13.341664064126334 
-26.0 12.649110640673518 
-33.0 16.15549442140351 
-25.0 12.36931687685298 
-32.0 14.212670403551895 
-29.0 12.806248474865697 
-31.0 13.341664064126334 
-26.0 12.649110640673518 
-25.0 12.36931687685298 
-33.0 16.15549442140351 
-32.0 14.212670403551895 
-29.0 12.806248474865697 
-31.0 13.341664064126334 
-26.0 12.649110640673518 
-25.0 12.36931687685298 
-33.0 16.15549442140351 
-32.0 14.212670403551895 
-29.0 12.806248474865697 
-31.0 13.341664064126334 
-26.0 12.649110640673518 
-33.0 16.15549442140351 
-25.0 12.36931687685298 
-32.0 14.212670403551895 
-29.0 12.806248474865697 
-31.0 13.341664064126334 
-26.0 12.649110640673518 
-25.0 12.36931687685298 
-33.0 16.15549442140351 
-32.0 14.212670403551895 
-29.0 12.806248474865697 
-31.0 13.341664064126334 
-26.0 12.649110640673518 
-33.0 16.15549442140351 
-25.0 12.36931687685298 
-32.0 14.212670403551895 
-29.0 12.806248474865697 
-31.0 13.341664064126334 
-26.0 12.649110640673518 
-25.0 12.36931687685298 
-33.0 16.15549442140351 
-32.0 14.212670403551895 
-29.0 12.806248474865697 
-31.0 13.341664064126334 
-26.0 12.649110640673518 
-25.0 12.36931687685298 
-33.0 16.15549442140351 
-32.0 14.212670403551895 
-29.0 12.806248474865697 
