-29.0 12.806248474865697 
-30.0 13.341664064126334 
-30.0 13.341664064126334 
-29.0 12.806248474865697 
-30.0 13.341664064126334 
-29.0 12.806248474865697 
-30.0 13.341664064126334 
-29.0 12.806248474865697 
-30.0 13.341664064126334 
-29.0 12.806248474865697 
-30.0 13.341664064126334 
-29.0 12.806248474865697 
-30.0 13.341664064126334 
-29.0 12.806248474865697 
-30.0 13.341664064126334 
-29.0 12.806248474865697 
-30.0 13.341664064126334 
-29.0 12.806248474865697 
-30.0 13.341664064126334 
-29.0 12.806248474865697 
-30.0 13.341664064126334 
-29.0 12.806248474865697 
-30.0 13.341664064126334 
-29.0 12.806248474865697 
-30.0 13.341664064126334 
-29.0 12.806248474865697 
-30.0 13.341664064126334 
-29.0 12.806248474865697 
-29.0 12.806248474865697 
-29.0 12.806248474865697 
-29.0 12.806248474865697 
-29.0 12.806248474865697 
-29.0 12.806248474865697 
-29.0 12.806248474865697 
-29.0 12.806248474865697 
-29.0 12.806248474865697 
-29.0 12.806248474865697 
-29.0 12.806248474865697 
-29.0 12.806248474865697 
-29.0 12.806248474865697 
-29.0 12.806248474865697 
-29.0 12.806248474865697 
-29.0 12.806248474865697 
-29.0 12.806248474865697 
-29.0 12.806248474865697 
-29.0 12.806248474865697 
-29.0 12.806248474865697 
-29.0 12.806248474865697 
-29.0 12.806248474865697 
-29.0 12.806248474865697 
-29.0 12.806248474865697 
-29.0 12.806248474865697 
-29.0 12.806248474865697 
-29.0 12.806248474865697 
-29.0 12.806248474865697 
-29.0 12.806248474865697 
-29.0 12.806248474865697 
-29.0 12.806248474865697 
-29.0 12.806248474865697 
-29.0 12.806248474865697 
-29.0 12.806248474865697 
-29.0 12.806248474865697 
-29.0 12.806248474865697 
-29.0 12.806248474865697 
-29.0 12.806248474865697 
-29.0 12.806248474865697 
-29.0 12.806248474865697 
-29.0 12.806248474865697 
-29.0 12.806248474865697 
-29.0 12.806248474865697 
-29.0 12.806248474865697 
-29.0 12.806248474865697 
-29.0 12.806248474865697 
-29.0 12.806248474865697 
-29.0 12.806248474865697 
-29.0 12.806248474865697 
-29.0 12.806248474865697 
-29.0 12.806248474865697 
-29.0 12.806248474865697 
-29.0 12.806248474865697 
-29.0 12.806248474865697 
-29.0 12.806248474865697 
-29.0 12.806248474865697 
-29.0 12.806248474865697 
-29.0 12.806248474865697 
-29.0 12.806248474865697 
-29.0 12.806248474865697 
-29.0 12.806248474865697 
-29.0 12.806248474865697 
-29.0 12.806248474865697 
-29.0 12.806248474865697 
-29.0 12.806248474865697 
-29.0 12.806248474865697 
-29.0 12.806248474865697 
-29.0 12.806248474865697 
-29.0 12.806248474865697 
-29.0 12.806248474865697 
-29.0 12.806248474865697 
-29.0 12.806248474865697 
-29.0 12.806248474865697 
