-33.0 13.038404810405298 
-32.0 12.649110640673518 
-32.0 12.649110640673518 
-33.0 13.038404810405298 
-32.0 12.649110640673518 
-33.0 13.038404810405298 
-33.0 13.038404810405298 
-32.0 12.649110640673518 
-32.0 12.649110640673518 
-33.0 13.038404810405298 
-32.0 12.649110640673518 
-33.0 13.038404810405298 
-32.0 12.649110640673518 
-33.0 13.038404810405298 
-32.0 12.649110640673518 
-33.0 13.038404810405298 
-32.0 12.649110640673518 
-33.0 13.038404810405298 
-32.0 12.649110640673518 
-33.0 13.038404810405298 
-32.0 12.649110640673518 
-33.0 13.038404810405298 
-32.0 12.649110640673518 
-33.0 13.038404810405298 
-32.0 12.649110640673518 
-33.0 13.038404810405298 
-32.0 12.649110640673518 
-33.0 13.038404810405298 
-32.0 12.649110640673518 
-33.0 13.038404810405298 
-32.0 12.649110640673518 
-33.0 13.038404810405298 
-32.0 12.649110640673518 
-33.0 13.038404810405298 
-32.0 12.649110640673518 
-33.0 13.038404810405298 
-32.0 12.649110640673518 
-33.0 13.038404810405298 
-33.0 13.038404810405298 
-33.0 13.038404810405298 
-33.0 13.038404810405298 
-33.0 13.038404810405298 
-33.0 13.038404810405298 
-33.0 13.038404810405298 
-33.0 13.038404810405298 
-33.0 13.038404810405298 
-33.0 13.038404810405298 
-33.0 13.038404810405298 
-33.0 13.038404810405298 
-33.0 13.038404810405298 
-33.0 13.038404810405298 
-33.0 13.038404810405298 
-33.0 13.038404810405298 
-33.0 13.038404810405298 
-33.0 13.038404810405298 
-33.0 13.038404810405298 
-33.0 13.038404810405298 
-33.0 13.038404810405298 
-33.0 13.038404810405298 
-33.0 13.038404810405298 
-33.0 13.038404810405298 
-33.0 13.038404810405298 
-33.0 13.038404810405298 
-33.0 13.038404810405298 
-33.0 13.038404810405298 
-33.0 13.038404810405298 
-33.0 13.038404810405298 
-33.0 13.038404810405298 
-33.0 13.038404810405298 
-33.0 13.038404810405298 
-33.0 13.038404810405298 
-33.0 13.038404810405298 
-33.0 13.038404810405298 
-33.0 13.038404810405298 
-33.0 13.038404810405298 
-33.0 13.038404810405298 
-33.0 13.038404810405298 
-33.0 13.038404810405298 
-33.0 13.038404810405298 
-33.0 13.038404810405298 
-33.0 13.038404810405298 
-33.0 13.038404810405298 
-33.0 13.038404810405298 
-33.0 13.038404810405298 
-33.0 13.038404810405298 
-33.0 13.038404810405298 
-33.0 13.038404810405298 
-33.0 13.038404810405298 
-33.0 13.038404810405298 
-33.0 13.038404810405298 
-33.0 13.038404810405298 
-33.0 13.038404810405298 
-33.0 13.038404810405298 
-33.0 13.038404810405298 
-33.0 13.038404810405298 
-33.0 13.038404810405298 
-33.0 13.038404810405298 
-33.0 13.038404810405298 
-33.0 13.038404810405298 
-33.0 13.038404810405298 
