-35.0 13.601470508735444 
-30.0 12.806248474865697 
-30.0 12.806248474865697 
-35.0 13.601470508735444 
-31.0 13.0 
-31.0 13.0 
-35.0 13.601470508735444 
-31.0 13.0 
-31.0 13.0 
-35.0 13.601470508735444 
-31.0 13.0 
-35.0 13.601470508735444 
-31.0 13.0 
-35.0 13.601470508735444 
-31.0 13.0 
-35.0 13.601470508735444 
-31.0 13.0 
-35.0 13.601470508735444 
-31.0 13.0 
-35.0 13.601470508735444 
-31.0 13.0 
-35.0 13.601470508735444 
-31.0 13.0 
-35.0 13.601470508735444 
-31.0 13.0 
-35.0 13.601470508735444 
-35.0 13.601470508735444 
-35.0 13.601470508735444 
-35.0 13.601470508735444 
-35.0 13.601470508735444 
-35.0 13.601470508735444 
-35.0 13.601470508735444 
-35.0 13.601470508735444 
-35.0 13.601470508735444 
-35.0 13.601470508735444 
-35.0 13.601470508735444 
-35.0 13.601470508735444 
-35.0 13.601470508735444 
-35.0 13.601470508735444 
-35.0 13.601470508735444 
-35.0 13.601470508735444 
-35.0 13.601470508735444 
-35.0 13.601470508735444 
-35.0 13.601470508735444 
-35.0 13.601470508735444 
-35.0 13.601470508735444 
-35.0 13.601470508735444 
-35.0 13.601470508735444 
-35.0 13.601470508735444 
-35.0 13.601470508735444 
-35.0 13.601470508735444 
-35.0 13.601470508735444 
-35.0 13.601470508735444 
-35.0 13.601470508735444 
-35.0 13.601470508735444 
-35.0 13.601470508735444 
-35.0 13.601470508735444 
-35.0 13.601470508735444 
-35.0 13.601470508735444 
-35.0 13.601470508735444 
-35.0 13.601470508735444 
-35.0 13.601470508735444 
-35.0 13.601470508735444 
-35.0 13.601470508735444 
-35.0 13.601470508735444 
-35.0 13.601470508735444 
-35.0 13.601470508735444 
-35.0 13.601470508735444 
-35.0 13.601470508735444 
-35.0 13.601470508735444 
-35.0 13.601470508735444 
-35.0 13.601470508735444 
-35.0 13.601470508735444 
-31.0 13.0 
-35.0 13.601470508735444 
-35.0 13.601470508735444 
-35.0 13.601470508735444 
-35.0 13.601470508735444 
-35.0 13.601470508735444 
-35.0 13.601470508735444 
-35.0 13.601470508735444 
-35.0 13.601470508735444 
-35.0 13.601470508735444 
-35.0 13.601470508735444 
-35.0 13.601470508735444 
-35.0 13.601470508735444 
-35.0 13.601470508735444 
-35.0 13.601470508735444 
-35.0 13.601470508735444 
-35.0 13.601470508735444 
-35.0 13.601470508735444 
-35.0 13.601470508735444 
-35.0 13.601470508735444 
-35.0 13.601470508735444 
-35.0 13.601470508735444 
-35.0 13.601470508735444 
-35.0 13.601470508735444 
-35.0 13.601470508735444 
-35.0 13.601470508735444 
-35.0 13.601470508735444 
