-26.0 12.529964086141668 
-33.0 13.892443989449804 
-26.0 12.529964086141668 
-33.0 13.892443989449804 
-32.0 13.038404810405298 
-28.0 12.727922061357855 
-28.0 12.727922061357855 
-32.0 13.038404810405298 
-26.0 12.529964086141668 
-33.0 13.892443989449804 
-28.0 12.727922061357855 
-32.0 13.038404810405298 
-33.0 13.892443989449804 
-26.0 12.529964086141668 
-28.0 12.727922061357855 
-32.0 13.038404810405298 
-33.0 13.892443989449804 
-26.0 12.529964086141668 
-28.0 12.727922061357855 
-32.0 13.038404810405298 
-33.0 13.892443989449804 
-26.0 12.529964086141668 
-28.0 12.727922061357855 
-32.0 13.038404810405298 
-33.0 13.892443989449804 
-26.0 12.529964086141668 
-28.0 12.727922061357855 
-32.0 13.038404810405298 
-33.0 13.892443989449804 
-26.0 12.529964086141668 
-28.0 12.727922061357855 
-32.0 13.038404810405298 
-26.0 12.529964086141668 
-33.0 13.892443989449804 
-28.0 12.727922061357855 
-32.0 13.038404810405298 
-26.0 12.529964086141668 
-33.0 13.892443989449804 
-28.0 12.727922061357855 
-32.0 13.038404810405298 
-33.0 13.892443989449804 
-26.0 12.529964086141668 
-28.0 12.727922061357855 
-32.0 13.038404810405298 
-33.0 13.892443989449804 
-26.0 12.529964086141668 
-28.0 12.727922061357855 
-32.0 13.038404810405298 
-33.0 13.892443989449804 
-26.0 12.529964086141668 
-28.0 12.727922061357855 
-32.0 13.038404810405298 
-33.0 13.892443989449804 
-26.0 12.529964086141668 
-28.0 12.727922061357855 
-32.0 13.038404810405298 
-33.0 13.892443989449804 
-26.0 12.529964086141668 
-28.0 12.727922061357855 
-32.0 13.038404810405298 
-33.0 13.892443989449804 
-26.0 12.529964086141668 
-28.0 12.727922061357855 
-32.0 13.038404810405298 
-26.0 12.529964086141668 
-28.0 12.727922061357855 
-32.0 13.038404810405298 
-26.0 12.529964086141668 
-28.0 12.727922061357855 
-32.0 13.038404810405298 
-26.0 12.529964086141668 
-28.0 12.727922061357855 
-32.0 13.038404810405298 
-26.0 12.529964086141668 
-28.0 12.727922061357855 
-32.0 13.038404810405298 
-26.0 12.529964086141668 
-28.0 12.727922061357855 
-32.0 13.038404810405298 
-26.0 12.529964086141668 
-28.0 12.727922061357855 
-32.0 13.038404810405298 
-26.0 12.529964086141668 
-28.0 12.727922061357855 
-32.0 13.038404810405298 
-26.0 12.529964086141668 
-28.0 12.727922061357855 
-32.0 13.038404810405298 
-26.0 12.529964086141668 
-28.0 12.727922061357855 
-32.0 13.038404810405298 
-26.0 12.529964086141668 
-28.0 12.727922061357855 
-32.0 13.038404810405298 
-26.0 12.529964086141668 
-28.0 12.727922061357855 
-32.0 13.038404810405298 
-26.0 12.529964086141668 
-28.0 12.727922061357855 
-32.0 13.038404810405298 
