-33.0 13.45362404707371 
-28.0 12.36931687685298 
-33.0 13.45362404707371 
-28.0 12.36931687685298 
-32.0 13.038404810405298 
-32.0 13.038404810405298 
-28.0 12.36931687685298 
-33.0 13.45362404707371 
-32.0 13.038404810405298 
-33.0 13.45362404707371 
-28.0 12.36931687685298 
-32.0 13.038404810405298 
-28.0 12.36931687685298 
-33.0 13.45362404707371 
-32.0 13.038404810405298 
-28.0 12.36931687685298 
-33.0 13.45362404707371 
-32.0 13.038404810405298 
-33.0 13.45362404707371 
-28.0 12.36931687685298 
-32.0 13.038404810405298 
-28.0 12.36931687685298 
-33.0 13.45362404707371 
-32.0 13.038404810405298 
-28.0 12.36931687685298 
-33.0 13.45362404707371 
-32.0 13.038404810405298 
-28.0 12.36931687685298 
-33.0 13.45362404707371 
-32.0 13.038404810405298 
-28.0 12.36931687685298 
-33.0 13.45362404707371 
-32.0 13.038404810405298 
-28.0 12.36931687685298 
-33.0 13.45362404707371 
-32.0 13.038404810405298 
-28.0 12.36931687685298 
-33.0 13.45362404707371 
-32.0 13.038404810405298 
-28.0 12.36931687685298 
-33.0 13.45362404707371 
-32.0 13.038404810405298 
-28.0 12.36931687685298 
-33.0 13.45362404707371 
-32.0 13.038404810405298 
-28.0 12.36931687685298 
-33.0 13.45362404707371 
-32.0 13.038404810405298 
-28.0 12.36931687685298 
-33.0 13.45362404707371 
-32.0 13.038404810405298 
-28.0 12.36931687685298 
-33.0 13.45362404707371 
-32.0 13.038404810405298 
-28.0 12.36931687685298 
-33.0 13.45362404707371 
-32.0 13.038404810405298 
-33.0 13.45362404707371 
-28.0 12.36931687685298 
-32.0 13.038404810405298 
-28.0 12.36931687685298 
-33.0 13.45362404707371 
-32.0 13.038404810405298 
-28.0 12.36931687685298 
-33.0 13.45362404707371 
-32.0 13.038404810405298 
-28.0 12.36931687685298 
-33.0 13.45362404707371 
-32.0 13.038404810405298 
-33.0 13.45362404707371 
-32.0 13.038404810405298 
-32.0 13.038404810405298 
-33.0 13.45362404707371 
-32.0 13.038404810405298 
-33.0 13.45362404707371 
-33.0 13.45362404707371 
-32.0 13.038404810405298 
-32.0 13.038404810405298 
-33.0 13.45362404707371 
-32.0 13.038404810405298 
-33.0 13.45362404707371 
-32.0 13.038404810405298 
-33.0 13.45362404707371 
-33.0 13.45362404707371 
-32.0 13.038404810405298 
-33.0 13.45362404707371 
-32.0 13.038404810405298 
-32.0 13.038404810405298 
-33.0 13.45362404707371 
-33.0 13.45362404707371 
-32.0 13.038404810405298 
-32.0 13.038404810405298 
-33.0 13.45362404707371 
-33.0 13.45362404707371 
-32.0 13.038404810405298 
-33.0 13.45362404707371 
-32.0 13.038404810405298 
-32.0 13.038404810405298 
-33.0 13.45362404707371 
-33.0 13.45362404707371 
