-40.0 12.529964086141668 
-38.0 11.704699910719626 
-40.0 12.529964086141668 
-38.0 11.704699910719626 
-40.0 12.529964086141668 
-38.0 11.704699910719626 
-38.0 11.704699910719626 
-40.0 12.529964086141668 
-38.0 11.704699910719626 
-40.0 12.529964086141668 
-38.0 11.704699910719626 
-40.0 12.529964086141668 
-38.0 11.704699910719626 
-40.0 12.529964086141668 
-40.0 12.529964086141668 
-38.0 11.704699910719626 
-38.0 11.704699910719626 
-40.0 12.529964086141668 
-40.0 12.529964086141668 
-38.0 11.704699910719626 
-38.0 11.704699910719626 
-40.0 12.529964086141668 
-38.0 11.704699910719626 
-40.0 12.529964086141668 
-38.0 11.704699910719626 
-40.0 12.529964086141668 
-38.0 11.704699910719626 
-40.0 12.529964086141668 
-38.0 11.704699910719626 
-40.0 12.529964086141668 
-40.0 12.529964086141668 
-38.0 11.704699910719626 
-38.0 11.704699910719626 
-40.0 12.529964086141668 
-40.0 12.529964086141668 
-38.0 11.704699910719626 
-38.0 11.704699910719626 
-40.0 12.529964086141668 
-38.0 11.704699910719626 
-40.0 12.529964086141668 
-38.0 11.704699910719626 
-40.0 12.529964086141668 
-38.0 11.704699910719626 
-40.0 12.529964086141668 
-38.0 11.704699910719626 
-40.0 12.529964086141668 
-38.0 11.704699910719626 
-40.0 12.529964086141668 
-38.0 11.704699910719626 
-40.0 12.529964086141668 
-38.0 11.704699910719626 
-40.0 12.529964086141668 
-38.0 11.704699910719626 
-40.0 12.529964086141668 
-40.0 12.529964086141668 
-38.0 11.704699910719626 
-38.0 11.704699910719626 
-40.0 12.529964086141668 
-38.0 11.704699910719626 
-40.0 12.529964086141668 
-38.0 11.704699910719626 
-40.0 12.529964086141668 
-38.0 11.704699910719626 
-40.0 12.529964086141668 
-38.0 11.704699910719626 
-40.0 12.529964086141668 
-38.0 11.704699910719626 
-40.0 12.529964086141668 
-38.0 11.704699910719626 
-40.0 12.529964086141668 
-38.0 11.704699910719626 
-40.0 12.529964086141668 
-38.0 11.704699910719626 
-40.0 12.529964086141668 
-38.0 11.704699910719626 
-40.0 12.529964086141668 
-38.0 11.704699910719626 
-40.0 12.529964086141668 
-38.0 11.704699910719626 
-40.0 12.529964086141668 
-38.0 11.704699910719626 
-40.0 12.529964086141668 
-38.0 11.704699910719626 
-40.0 12.529964086141668 
-38.0 11.704699910719626 
-40.0 12.529964086141668 
-38.0 11.704699910719626 
-40.0 12.529964086141668 
-38.0 11.704699910719626 
-40.0 12.529964086141668 
-38.0 11.704699910719626 
-40.0 12.529964086141668 
-38.0 11.704699910719626 
-40.0 12.529964086141668 
-40.0 12.529964086141668 
-40.0 12.529964086141668 
-40.0 12.529964086141668 
-40.0 12.529964086141668 
-40.0 12.529964086141668 
-40.0 12.529964086141668 
