-25.0 12.206555615733702 
-35.0 15.264337522473747 
-35.0 15.264337522473747 
-25.0 12.206555615733702 
-31.0 12.649110640673518 
-34.0 13.92838827718412 
-34.0 13.92838827718412 
-33.0 13.45362404707371 
-31.0 12.649110640673518 
-33.0 13.45362404707371 
-32.0 13.038404810405298 
-32.0 13.038404810405298 
-35.0 15.264337522473747 
-25.0 12.206555615733702 
-34.0 13.92838827718412 
-33.0 13.45362404707371 
-32.0 13.038404810405298 
-35.0 15.264337522473747 
-25.0 12.206555615733702 
-34.0 13.92838827718412 
-33.0 13.45362404707371 
-32.0 13.038404810405298 
-35.0 15.264337522473747 
-25.0 12.206555615733702 
-33.0 13.45362404707371 
-32.0 13.038404810405298 
-25.0 12.206555615733702 
-33.0 13.45362404707371 
-32.0 13.038404810405298 
-25.0 12.206555615733702 
-33.0 13.45362404707371 
-32.0 13.038404810405298 
-25.0 12.206555615733702 
-33.0 13.45362404707371 
-32.0 13.038404810405298 
-25.0 12.206555615733702 
-33.0 13.45362404707371 
-32.0 13.038404810405298 
-25.0 12.206555615733702 
-33.0 13.45362404707371 
-32.0 13.038404810405298 
-25.0 12.206555615733702 
-33.0 13.45362404707371 
-32.0 13.038404810405298 
-25.0 12.206555615733702 
-33.0 13.45362404707371 
-32.0 13.038404810405298 
-25.0 12.206555615733702 
-33.0 13.45362404707371 
-32.0 13.038404810405298 
-25.0 12.206555615733702 
-33.0 13.45362404707371 
-25.0 12.206555615733702 
-33.0 13.45362404707371 
-25.0 12.206555615733702 
-33.0 13.45362404707371 
-25.0 12.206555615733702 
-33.0 13.45362404707371 
-25.0 12.206555615733702 
-33.0 13.45362404707371 
-25.0 12.206555615733702 
-33.0 13.45362404707371 
-25.0 12.206555615733702 
-33.0 13.45362404707371 
-25.0 12.206555615733702 
-33.0 13.45362404707371 
-25.0 12.206555615733702 
-33.0 13.45362404707371 
-25.0 12.206555615733702 
-33.0 13.45362404707371 
-33.0 13.45362404707371 
-35.0 15.264337522473747 
-33.0 13.45362404707371 
-25.0 12.206555615733702 
-25.0 12.206555615733702 
-25.0 12.206555615733702 
-25.0 12.206555615733702 
-33.0 13.45362404707371 
-32.0 13.038404810405298 
-33.0 13.45362404707371 
-25.0 12.206555615733702 
-33.0 13.45362404707371 
-33.0 13.45362404707371 
-25.0 12.206555615733702 
-25.0 12.206555615733702 
-32.0 13.038404810405298 
-25.0 12.206555615733702 
-33.0 13.45362404707371 
-35.0 15.264337522473747 
-25.0 12.206555615733702 
-25.0 12.206555615733702 
-33.0 13.45362404707371 
-32.0 13.038404810405298 
-25.0 12.206555615733702 
-25.0 12.206555615733702 
-25.0 12.206555615733702 
-33.0 13.45362404707371 
-33.0 13.45362404707371 
-32.0 13.038404810405298 
-33.0 13.45362404707371 
