-31.0 12.727922061357855 
-34.0 15.652475842498529 
-31.0 12.727922061357855 
-34.0 15.652475842498529 
-33.0 14.560219778561036 
-33.0 14.560219778561036 
-32.0 13.601470508735444 
-32.0 13.601470508735444 
-34.0 15.652475842498529 
-31.0 12.727922061357855 
-33.0 14.560219778561036 
-32.0 13.601470508735444 
-34.0 15.652475842498529 
-31.0 12.727922061357855 
-33.0 14.560219778561036 
-32.0 13.601470508735444 
-34.0 15.652475842498529 
-31.0 12.727922061357855 
-33.0 14.560219778561036 
-32.0 13.601470508735444 
-34.0 15.652475842498529 
-31.0 12.727922061357855 
-33.0 14.560219778561036 
-32.0 13.601470508735444 
-34.0 15.652475842498529 
-31.0 12.727922061357855 
-33.0 14.560219778561036 
-32.0 13.601470508735444 
-34.0 15.652475842498529 
-31.0 12.727922061357855 
-33.0 14.560219778561036 
-32.0 13.601470508735444 
-34.0 15.652475842498529 
-31.0 12.727922061357855 
-33.0 14.560219778561036 
-32.0 13.601470508735444 
-31.0 12.727922061357855 
-34.0 15.652475842498529 
-33.0 14.560219778561036 
-32.0 13.601470508735444 
-34.0 15.652475842498529 
-31.0 12.727922061357855 
-33.0 14.560219778561036 
-32.0 13.601470508735444 
-34.0 15.652475842498529 
-31.0 12.727922061357855 
-33.0 14.560219778561036 
-32.0 13.601470508735444 
-31.0 12.727922061357855 
-34.0 15.652475842498529 
-33.0 14.560219778561036 
-32.0 13.601470508735444 
-31.0 12.727922061357855 
-34.0 15.652475842498529 
-33.0 14.560219778561036 
-32.0 13.601470508735444 
-34.0 15.652475842498529 
-31.0 12.727922061357855 
-33.0 14.560219778561036 
-32.0 13.601470508735444 
-31.0 12.727922061357855 
-34.0 15.652475842498529 
-33.0 14.560219778561036 
-32.0 13.601470508735444 
-34.0 15.652475842498529 
-31.0 12.727922061357855 
-33.0 14.560219778561036 
-32.0 13.601470508735444 
-34.0 15.652475842498529 
-31.0 12.727922061357855 
-33.0 14.560219778561036 
-32.0 13.601470508735444 
-31.0 12.727922061357855 
-34.0 15.652475842498529 
-33.0 14.560219778561036 
-32.0 13.601470508735444 
-31.0 12.727922061357855 
-34.0 15.652475842498529 
-33.0 14.560219778561036 
-32.0 13.601470508735444 
-34.0 15.652475842498529 
-31.0 12.727922061357855 
-33.0 14.560219778561036 
-32.0 13.601470508735444 
-34.0 15.652475842498529 
-31.0 12.727922061357855 
-33.0 14.560219778561036 
-32.0 13.601470508735444 
-31.0 12.727922061357855 
-34.0 15.652475842498529 
-33.0 14.560219778561036 
-32.0 13.601470508735444 
-31.0 12.727922061357855 
-34.0 15.652475842498529 
-33.0 14.560219778561036 
-32.0 13.601470508735444 
-31.0 12.727922061357855 
-34.0 15.652475842498529 
-33.0 14.560219778561036 
-32.0 13.601470508735444 
