-33.0 13.152946437965905 
-34.0 13.341664064126334 
-33.0 13.152946437965905 
-34.0 13.341664064126334 
-33.0 13.152946437965905 
-34.0 13.341664064126334 
-34.0 13.341664064126334 
-33.0 13.152946437965905 
-33.0 13.152946437965905 
-34.0 13.341664064126334 
-34.0 13.341664064126334 
-33.0 13.152946437965905 
-33.0 13.152946437965905 
-34.0 13.341664064126334 
-33.0 13.152946437965905 
-34.0 13.341664064126334 
-33.0 13.152946437965905 
-34.0 13.341664064126334 
-33.0 13.152946437965905 
-34.0 13.341664064126334 
-34.0 13.341664064126334 
-33.0 13.152946437965905 
-33.0 13.152946437965905 
-34.0 13.341664064126334 
-34.0 13.341664064126334 
-33.0 13.152946437965905 
-34.0 13.341664064126334 
-33.0 13.152946437965905 
-34.0 13.341664064126334 
-33.0 13.152946437965905 
-33.0 13.152946437965905 
-34.0 13.341664064126334 
-33.0 13.152946437965905 
-34.0 13.341664064126334 
-33.0 13.152946437965905 
-34.0 13.341664064126334 
-33.0 13.152946437965905 
-34.0 13.341664064126334 
-34.0 13.341664064126334 
-33.0 13.152946437965905 
-33.0 13.152946437965905 
-34.0 13.341664064126334 
-33.0 13.152946437965905 
-34.0 13.341664064126334 
-34.0 13.341664064126334 
-33.0 13.152946437965905 
-33.0 13.152946437965905 
-34.0 13.341664064126334 
-34.0 13.341664064126334 
-33.0 13.152946437965905 
-33.0 13.152946437965905 
-34.0 13.341664064126334 
-33.0 13.152946437965905 
-34.0 13.341664064126334 
-33.0 13.152946437965905 
-34.0 13.341664064126334 
-33.0 13.152946437965905 
-34.0 13.341664064126334 
-34.0 13.341664064126334 
-33.0 13.152946437965905 
-33.0 13.152946437965905 
-34.0 13.341664064126334 
-33.0 13.152946437965905 
-34.0 13.341664064126334 
-34.0 13.341664064126334 
-33.0 13.152946437965905 
-33.0 13.152946437965905 
-34.0 13.341664064126334 
-33.0 13.152946437965905 
-34.0 13.341664064126334 
-34.0 13.341664064126334 
-33.0 13.152946437965905 
-34.0 13.341664064126334 
-33.0 13.152946437965905 
-33.0 13.152946437965905 
-34.0 13.341664064126334 
-33.0 13.152946437965905 
-34.0 13.341664064126334 
-33.0 13.152946437965905 
-34.0 13.341664064126334 
-33.0 13.152946437965905 
-34.0 13.341664064126334 
-33.0 13.152946437965905 
-34.0 13.341664064126334 
-34.0 13.341664064126334 
-33.0 13.152946437965905 
-33.0 13.152946437965905 
-34.0 13.341664064126334 
-34.0 13.341664064126334 
-33.0 13.152946437965905 
-33.0 13.152946437965905 
-34.0 13.341664064126334 
-33.0 13.152946437965905 
-34.0 13.341664064126334 
-33.0 13.152946437965905 
-34.0 13.341664064126334 
-33.0 13.152946437965905 
-34.0 13.341664064126334 
-33.0 13.152946437965905 
-34.0 13.341664064126334 
