-31.0 13.601470508735444 
-28.0 12.206555615733702 
-28.0 12.206555615733702 
-31.0 13.601470508735444 
-30.0 13.0 
-29.0 12.649110640673518 
-30.0 13.0 
-29.0 12.649110640673518 
-28.0 12.206555615733702 
-31.0 13.601470508735444 
-30.0 13.0 
-29.0 12.649110640673518 
-28.0 12.206555615733702 
-31.0 13.601470508735444 
-30.0 13.0 
-29.0 12.649110640673518 
-28.0 12.206555615733702 
-31.0 13.601470508735444 
-30.0 13.0 
-29.0 12.649110640673518 
-31.0 13.601470508735444 
-28.0 12.206555615733702 
-30.0 13.0 
-29.0 12.649110640673518 
-31.0 13.601470508735444 
-28.0 12.206555615733702 
-30.0 13.0 
-29.0 12.649110640673518 
-31.0 13.601470508735444 
-28.0 12.206555615733702 
-30.0 13.0 
-29.0 12.649110640673518 
-28.0 12.206555615733702 
-31.0 13.601470508735444 
-30.0 13.0 
-29.0 12.649110640673518 
-31.0 13.601470508735444 
-28.0 12.206555615733702 
-30.0 13.0 
-29.0 12.649110640673518 
-28.0 12.206555615733702 
-31.0 13.601470508735444 
-30.0 13.0 
-29.0 12.649110640673518 
-31.0 13.601470508735444 
-28.0 12.206555615733702 
-30.0 13.0 
-29.0 12.649110640673518 
-31.0 13.601470508735444 
-28.0 12.206555615733702 
-30.0 13.0 
-29.0 12.649110640673518 
-31.0 13.601470508735444 
-28.0 12.206555615733702 
-30.0 13.0 
-29.0 12.649110640673518 
-31.0 13.601470508735444 
-28.0 12.206555615733702 
-30.0 13.0 
-29.0 12.649110640673518 
-31.0 13.601470508735444 
-28.0 12.206555615733702 
-30.0 13.0 
-29.0 12.649110640673518 
-31.0 13.601470508735444 
-28.0 12.206555615733702 
-30.0 13.0 
-29.0 12.649110640673518 
-28.0 12.206555615733702 
-31.0 13.601470508735444 
-30.0 13.0 
-29.0 12.649110640673518 
-31.0 13.601470508735444 
-28.0 12.206555615733702 
-30.0 13.0 
-29.0 12.649110640673518 
-31.0 13.601470508735444 
-28.0 12.206555615733702 
-30.0 13.0 
-29.0 12.649110640673518 
-31.0 13.601470508735444 
-28.0 12.206555615733702 
-30.0 13.0 
-29.0 12.649110640673518 
-31.0 13.601470508735444 
-28.0 12.206555615733702 
-30.0 13.0 
-29.0 12.649110640673518 
-31.0 13.601470508735444 
-28.0 12.206555615733702 
-30.0 13.0 
-29.0 12.649110640673518 
-31.0 13.601470508735444 
-28.0 12.206555615733702 
-30.0 13.0 
-29.0 12.649110640673518 
-31.0 13.601470508735444 
-28.0 12.206555615733702 
-30.0 13.0 
-29.0 12.649110640673518 
