-33.0 13.341664064126334 
-32.0 12.529964086141668 
-32.0 12.529964086141668 
-33.0 13.341664064126334 
-32.0 12.529964086141668 
-33.0 13.341664064126334 
-32.0 12.529964086141668 
-33.0 13.341664064126334 
-32.0 12.529964086141668 
-33.0 13.341664064126334 
-32.0 12.529964086141668 
-33.0 13.341664064126334 
-33.0 13.341664064126334 
-32.0 12.529964086141668 
-32.0 12.529964086141668 
-33.0 13.341664064126334 
-32.0 12.529964086141668 
-33.0 13.341664064126334 
-32.0 12.529964086141668 
-33.0 13.341664064126334 
-32.0 12.529964086141668 
-33.0 13.341664064126334 
-32.0 12.529964086141668 
-33.0 13.341664064126334 
-32.0 12.529964086141668 
-33.0 13.341664064126334 
-32.0 12.529964086141668 
-33.0 13.341664064126334 
-33.0 13.341664064126334 
-33.0 13.341664064126334 
-33.0 13.341664064126334 
-33.0 13.341664064126334 
-33.0 13.341664064126334 
-33.0 13.341664064126334 
-33.0 13.341664064126334 
-33.0 13.341664064126334 
-33.0 13.341664064126334 
-33.0 13.341664064126334 
-33.0 13.341664064126334 
-33.0 13.341664064126334 
-33.0 13.341664064126334 
-33.0 13.341664064126334 
-33.0 13.341664064126334 
-33.0 13.341664064126334 
-33.0 13.341664064126334 
-33.0 13.341664064126334 
-33.0 13.341664064126334 
-33.0 13.341664064126334 
-33.0 13.341664064126334 
-33.0 13.341664064126334 
-33.0 13.341664064126334 
-33.0 13.341664064126334 
-33.0 13.341664064126334 
-33.0 13.341664064126334 
-33.0 13.341664064126334 
-33.0 13.341664064126334 
-33.0 13.341664064126334 
-33.0 13.341664064126334 
-33.0 13.341664064126334 
-33.0 13.341664064126334 
-33.0 13.341664064126334 
-33.0 13.341664064126334 
-33.0 13.341664064126334 
-33.0 13.341664064126334 
-33.0 13.341664064126334 
-33.0 13.341664064126334 
-33.0 13.341664064126334 
-33.0 13.341664064126334 
-33.0 13.341664064126334 
-33.0 13.341664064126334 
-33.0 13.341664064126334 
-33.0 13.341664064126334 
-33.0 13.341664064126334 
-33.0 13.341664064126334 
-33.0 13.341664064126334 
-33.0 13.341664064126334 
-33.0 13.341664064126334 
-33.0 13.341664064126334 
-33.0 13.341664064126334 
-33.0 13.341664064126334 
-33.0 13.341664064126334 
-33.0 13.341664064126334 
-33.0 13.341664064126334 
-33.0 13.341664064126334 
-33.0 13.341664064126334 
-33.0 13.341664064126334 
-33.0 13.341664064126334 
-33.0 13.341664064126334 
-33.0 13.341664064126334 
-33.0 13.341664064126334 
-33.0 13.341664064126334 
-32.0 12.529964086141668 
-33.0 13.341664064126334 
-33.0 13.341664064126334 
-33.0 13.341664064126334 
-33.0 13.341664064126334 
-33.0 13.341664064126334 
-33.0 13.341664064126334 
-33.0 13.341664064126334 
-33.0 13.341664064126334 
