-38.0 13.038404810405298 
-33.0 12.806248474865697 
-38.0 13.038404810405298 
-33.0 12.806248474865697 
-34.0 13.0 
-34.0 13.0 
-38.0 13.038404810405298 
-33.0 12.806248474865697 
-34.0 13.0 
-38.0 13.038404810405298 
-33.0 12.806248474865697 
-34.0 13.0 
-33.0 12.806248474865697 
-38.0 13.038404810405298 
-34.0 13.0 
-38.0 13.038404810405298 
-33.0 12.806248474865697 
-34.0 13.0 
-33.0 12.806248474865697 
-38.0 13.038404810405298 
-34.0 13.0 
-33.0 12.806248474865697 
-38.0 13.038404810405298 
-34.0 13.0 
-38.0 13.038404810405298 
-33.0 12.806248474865697 
-34.0 13.0 
-38.0 13.038404810405298 
-33.0 12.806248474865697 
-34.0 13.0 
-33.0 12.806248474865697 
-38.0 13.038404810405298 
-34.0 13.0 
-33.0 12.806248474865697 
-38.0 13.038404810405298 
-34.0 13.0 
-38.0 13.038404810405298 
-33.0 12.806248474865697 
-34.0 13.0 
-38.0 13.038404810405298 
-33.0 12.806248474865697 
-34.0 13.0 
-38.0 13.038404810405298 
-33.0 12.806248474865697 
-34.0 13.0 
-33.0 12.806248474865697 
-38.0 13.038404810405298 
-34.0 13.0 
-38.0 13.038404810405298 
-33.0 12.806248474865697 
-34.0 13.0 
-38.0 13.038404810405298 
-33.0 12.806248474865697 
-34.0 13.0 
-33.0 12.806248474865697 
-38.0 13.038404810405298 
-34.0 13.0 
-38.0 13.038404810405298 
-33.0 12.806248474865697 
-34.0 13.0 
-33.0 12.806248474865697 
-38.0 13.038404810405298 
-34.0 13.0 
-38.0 13.038404810405298 
-33.0 12.806248474865697 
-34.0 13.0 
-33.0 12.806248474865697 
-38.0 13.038404810405298 
-34.0 13.0 
-38.0 13.038404810405298 
-33.0 12.806248474865697 
-34.0 13.0 
-38.0 13.038404810405298 
-33.0 12.806248474865697 
-34.0 13.0 
-38.0 13.038404810405298 
-33.0 12.806248474865697 
-34.0 13.0 
-38.0 13.038404810405298 
-33.0 12.806248474865697 
-34.0 13.0 
-33.0 12.806248474865697 
-38.0 13.038404810405298 
-34.0 13.0 
-33.0 12.806248474865697 
-38.0 13.038404810405298 
-34.0 13.0 
-38.0 13.038404810405298 
-33.0 12.806248474865697 
-34.0 13.0 
-33.0 12.806248474865697 
-38.0 13.038404810405298 
-34.0 13.0 
-38.0 13.038404810405298 
-33.0 12.806248474865697 
-34.0 13.0 
-38.0 13.038404810405298 
-33.0 12.806248474865697 
-34.0 13.0 
-38.0 13.038404810405298 
