-35.0 13.892443989449804 
-29.0 12.36931687685298 
-29.0 12.36931687685298 
-35.0 13.892443989449804 
-32.0 13.0 
-32.0 13.0 
-30.0 12.649110640673518 
-30.0 12.649110640673518 
-29.0 12.36931687685298 
-35.0 13.892443989449804 
-32.0 13.0 
-30.0 12.649110640673518 
-35.0 13.892443989449804 
-29.0 12.36931687685298 
-32.0 13.0 
-30.0 12.649110640673518 
-29.0 12.36931687685298 
-35.0 13.892443989449804 
-32.0 13.0 
-30.0 12.649110640673518 
-35.0 13.892443989449804 
-29.0 12.36931687685298 
-32.0 13.0 
-30.0 12.649110640673518 
-35.0 13.892443989449804 
-29.0 12.36931687685298 
-32.0 13.0 
-30.0 12.649110640673518 
-29.0 12.36931687685298 
-35.0 13.892443989449804 
-32.0 13.0 
-30.0 12.649110640673518 
-35.0 13.892443989449804 
-29.0 12.36931687685298 
-32.0 13.0 
-30.0 12.649110640673518 
-35.0 13.892443989449804 
-29.0 12.36931687685298 
-32.0 13.0 
-30.0 12.649110640673518 
-29.0 12.36931687685298 
-35.0 13.892443989449804 
-32.0 13.0 
-30.0 12.649110640673518 
-29.0 12.36931687685298 
-35.0 13.892443989449804 
-32.0 13.0 
-30.0 12.649110640673518 
-29.0 12.36931687685298 
-35.0 13.892443989449804 
-32.0 13.0 
-30.0 12.649110640673518 
-35.0 13.892443989449804 
-29.0 12.36931687685298 
-32.0 13.0 
-30.0 12.649110640673518 
-29.0 12.36931687685298 
-35.0 13.892443989449804 
-32.0 13.0 
-30.0 12.649110640673518 
-29.0 12.36931687685298 
-35.0 13.892443989449804 
-32.0 13.0 
-30.0 12.649110640673518 
-29.0 12.36931687685298 
-35.0 13.892443989449804 
-32.0 13.0 
-30.0 12.649110640673518 
-35.0 13.892443989449804 
-29.0 12.36931687685298 
-32.0 13.0 
-30.0 12.649110640673518 
-35.0 13.892443989449804 
-29.0 12.36931687685298 
-32.0 13.0 
-30.0 12.649110640673518 
-29.0 12.36931687685298 
-35.0 13.892443989449804 
-32.0 13.0 
-30.0 12.649110640673518 
-29.0 12.36931687685298 
-35.0 13.892443989449804 
-32.0 13.0 
-30.0 12.649110640673518 
-35.0 13.892443989449804 
-29.0 12.36931687685298 
-32.0 13.0 
-30.0 12.649110640673518 
-35.0 13.892443989449804 
-29.0 12.36931687685298 
-32.0 13.0 
-30.0 12.649110640673518 
-29.0 12.36931687685298 
-35.0 13.892443989449804 
-32.0 13.0 
-30.0 12.649110640673518 
-35.0 13.892443989449804 
-29.0 12.36931687685298 
-32.0 13.0 
-30.0 12.649110640673518 
