-31.0 12.649110640673518 
-33.0 12.727922061357855 
-33.0 12.727922061357855 
-31.0 12.649110640673518 
-31.0 12.649110640673518 
-33.0 12.727922061357855 
-33.0 12.727922061357855 
-31.0 12.649110640673518 
-31.0 12.649110640673518 
-33.0 12.727922061357855 
-33.0 12.727922061357855 
-31.0 12.649110640673518 
-33.0 12.727922061357855 
-31.0 12.649110640673518 
-31.0 12.649110640673518 
-33.0 12.727922061357855 
-33.0 12.727922061357855 
-31.0 12.649110640673518 
-31.0 12.649110640673518 
-33.0 12.727922061357855 
-33.0 12.727922061357855 
-31.0 12.649110640673518 
-31.0 12.649110640673518 
-33.0 12.727922061357855 
-31.0 12.649110640673518 
-33.0 12.727922061357855 
-33.0 12.727922061357855 
-31.0 12.649110640673518 
-31.0 12.649110640673518 
-33.0 12.727922061357855 
-31.0 12.649110640673518 
-33.0 12.727922061357855 
-33.0 12.727922061357855 
-31.0 12.649110640673518 
-31.0 12.649110640673518 
-33.0 12.727922061357855 
-33.0 12.727922061357855 
-31.0 12.649110640673518 
-33.0 12.727922061357855 
-31.0 12.649110640673518 
-33.0 12.727922061357855 
-31.0 12.649110640673518 
-33.0 12.727922061357855 
-31.0 12.649110640673518 
-33.0 12.727922061357855 
-31.0 12.649110640673518 
-33.0 12.727922061357855 
-31.0 12.649110640673518 
-33.0 12.727922061357855 
-31.0 12.649110640673518 
-31.0 12.649110640673518 
-33.0 12.727922061357855 
-33.0 12.727922061357855 
-31.0 12.649110640673518 
-33.0 12.727922061357855 
-31.0 12.649110640673518 
-33.0 12.727922061357855 
-31.0 12.649110640673518 
-31.0 12.649110640673518 
-33.0 12.727922061357855 
-33.0 12.727922061357855 
-31.0 12.649110640673518 
-31.0 12.649110640673518 
-33.0 12.727922061357855 
-31.0 12.649110640673518 
-33.0 12.727922061357855 
-31.0 12.649110640673518 
-33.0 12.727922061357855 
-33.0 12.727922061357855 
-31.0 12.649110640673518 
-33.0 12.727922061357855 
-31.0 12.649110640673518 
-33.0 12.727922061357855 
-31.0 12.649110640673518 
-33.0 12.727922061357855 
-31.0 12.649110640673518 
-31.0 12.649110640673518 
-33.0 12.727922061357855 
-31.0 12.649110640673518 
-33.0 12.727922061357855 
-33.0 12.727922061357855 
-31.0 12.649110640673518 
-31.0 12.649110640673518 
-33.0 12.727922061357855 
-31.0 12.649110640673518 
-33.0 12.727922061357855 
-33.0 12.727922061357855 
-31.0 12.649110640673518 
-33.0 12.727922061357855 
-31.0 12.649110640673518 
-31.0 12.649110640673518 
-33.0 12.727922061357855 
-31.0 12.649110640673518 
-33.0 12.727922061357855 
-31.0 12.649110640673518 
-33.0 12.727922061357855 
-31.0 12.649110640673518 
-33.0 12.727922061357855 
-31.0 12.649110640673518 
-33.0 12.727922061357855 
