-29.0 12.806248474865697 
-35.0 13.416407864998739 
-29.0 12.806248474865697 
-35.0 13.416407864998739 
-34.0 13.038404810405298 
-34.0 13.038404810405298 
-35.0 13.416407864998739 
-29.0 12.806248474865697 
-34.0 13.038404810405298 
-35.0 13.416407864998739 
-29.0 12.806248474865697 
-34.0 13.038404810405298 
-29.0 12.806248474865697 
-35.0 13.416407864998739 
-34.0 13.038404810405298 
-29.0 12.806248474865697 
-35.0 13.416407864998739 
-34.0 13.038404810405298 
-29.0 12.806248474865697 
-35.0 13.416407864998739 
-34.0 13.038404810405298 
-35.0 13.416407864998739 
-29.0 12.806248474865697 
-34.0 13.038404810405298 
-29.0 12.806248474865697 
-35.0 13.416407864998739 
-34.0 13.038404810405298 
-35.0 13.416407864998739 
-29.0 12.806248474865697 
-34.0 13.038404810405298 
-29.0 12.806248474865697 
-35.0 13.416407864998739 
-34.0 13.038404810405298 
-29.0 12.806248474865697 
-35.0 13.416407864998739 
-34.0 13.038404810405298 
-35.0 13.416407864998739 
-29.0 12.806248474865697 
-34.0 13.038404810405298 
-35.0 13.416407864998739 
-29.0 12.806248474865697 
-34.0 13.038404810405298 
-29.0 12.806248474865697 
-35.0 13.416407864998739 
-34.0 13.038404810405298 
-29.0 12.806248474865697 
-35.0 13.416407864998739 
-34.0 13.038404810405298 
-35.0 13.416407864998739 
-29.0 12.806248474865697 
-34.0 13.038404810405298 
-35.0 13.416407864998739 
-29.0 12.806248474865697 
-34.0 13.038404810405298 
-35.0 13.416407864998739 
-29.0 12.806248474865697 
-34.0 13.038404810405298 
-29.0 12.806248474865697 
-35.0 13.416407864998739 
-34.0 13.038404810405298 
-29.0 12.806248474865697 
-35.0 13.416407864998739 
-34.0 13.038404810405298 
-35.0 13.416407864998739 
-29.0 12.806248474865697 
-34.0 13.038404810405298 
-35.0 13.416407864998739 
-29.0 12.806248474865697 
-34.0 13.038404810405298 
-35.0 13.416407864998739 
-29.0 12.806248474865697 
-34.0 13.038404810405298 
-35.0 13.416407864998739 
-29.0 12.806248474865697 
-34.0 13.038404810405298 
-35.0 13.416407864998739 
-29.0 12.806248474865697 
-34.0 13.038404810405298 
-29.0 12.806248474865697 
-35.0 13.416407864998739 
-34.0 13.038404810405298 
-29.0 12.806248474865697 
-35.0 13.416407864998739 
-34.0 13.038404810405298 
-29.0 12.806248474865697 
-35.0 13.416407864998739 
-34.0 13.038404810405298 
-35.0 13.416407864998739 
-29.0 12.806248474865697 
-34.0 13.038404810405298 
-35.0 13.416407864998739 
-29.0 12.806248474865697 
-34.0 13.038404810405298 
-29.0 12.806248474865697 
-35.0 13.416407864998739 
-34.0 13.038404810405298 
-35.0 13.416407864998739 
-29.0 12.806248474865697 
-34.0 13.038404810405298 
-29.0 12.806248474865697 
