-34.0 12.206555615733702 
-36.0 16.15549442140351 
-36.0 16.15549442140351 
-34.0 12.206555615733702 
-36.0 16.15549442140351 
-34.0 12.206555615733702 
-34.0 12.206555615733702 
-36.0 16.15549442140351 
-34.0 12.206555615733702 
-36.0 16.15549442140351 
-34.0 12.206555615733702 
-36.0 16.15549442140351 
-36.0 16.15549442140351 
-34.0 12.206555615733702 
-34.0 12.206555615733702 
-36.0 16.15549442140351 
-36.0 16.15549442140351 
-34.0 12.206555615733702 
-34.0 12.206555615733702 
-36.0 16.15549442140351 
-36.0 16.15549442140351 
-34.0 12.206555615733702 
-36.0 16.15549442140351 
-34.0 12.206555615733702 
-36.0 16.15549442140351 
-34.0 12.206555615733702 
-36.0 16.15549442140351 
-34.0 12.206555615733702 
-34.0 12.206555615733702 
-36.0 16.15549442140351 
-36.0 16.15549442140351 
-34.0 12.206555615733702 
-36.0 16.15549442140351 
-34.0 12.206555615733702 
-34.0 12.206555615733702 
-36.0 16.15549442140351 
-34.0 12.206555615733702 
-36.0 16.15549442140351 
-36.0 16.15549442140351 
-34.0 12.206555615733702 
-34.0 12.206555615733702 
-36.0 16.15549442140351 
-34.0 12.206555615733702 
-36.0 16.15549442140351 
-34.0 12.206555615733702 
-36.0 16.15549442140351 
-34.0 12.206555615733702 
-36.0 16.15549442140351 
-34.0 12.206555615733702 
-36.0 16.15549442140351 
-36.0 16.15549442140351 
-34.0 12.206555615733702 
-36.0 16.15549442140351 
-34.0 12.206555615733702 
-36.0 16.15549442140351 
-34.0 12.206555615733702 
-36.0 16.15549442140351 
-34.0 12.206555615733702 
-36.0 16.15549442140351 
-34.0 12.206555615733702 
-36.0 16.15549442140351 
-34.0 12.206555615733702 
-34.0 12.206555615733702 
-36.0 16.15549442140351 
-36.0 16.15549442140351 
-34.0 12.206555615733702 
-36.0 16.15549442140351 
-34.0 12.206555615733702 
-34.0 12.206555615733702 
-36.0 16.15549442140351 
-36.0 16.15549442140351 
-34.0 12.206555615733702 
-34.0 12.206555615733702 
-36.0 16.15549442140351 
-36.0 16.15549442140351 
-34.0 12.206555615733702 
-36.0 16.15549442140351 
-34.0 12.206555615733702 
-36.0 16.15549442140351 
-34.0 12.206555615733702 
-36.0 16.15549442140351 
-34.0 12.206555615733702 
-34.0 12.206555615733702 
-36.0 16.15549442140351 
-36.0 16.15549442140351 
-34.0 12.206555615733702 
-36.0 16.15549442140351 
-34.0 12.206555615733702 
-36.0 16.15549442140351 
-34.0 12.206555615733702 
-36.0 16.15549442140351 
-34.0 12.206555615733702 
-36.0 16.15549442140351 
-34.0 12.206555615733702 
-36.0 16.15549442140351 
-34.0 12.206555615733702 
-36.0 16.15549442140351 
-34.0 12.206555615733702 
-36.0 16.15549442140351 
-34.0 12.206555615733702 
