-32.0 14.7648230602334 
-20.0 12.36931687685298 
-20.0 12.36931687685298 
-32.0 14.7648230602334 
-30.0 13.45362404707371 
-22.0 12.529964086141668 
-22.0 12.529964086141668 
-30.0 13.45362404707371 
-31.0 13.92838827718412 
-31.0 13.92838827718412 
-32.0 14.7648230602334 
-20.0 12.36931687685298 
-22.0 12.529964086141668 
-30.0 13.45362404707371 
-31.0 13.92838827718412 
-20.0 12.36931687685298 
-32.0 14.7648230602334 
-22.0 12.529964086141668 
-30.0 13.45362404707371 
-31.0 13.92838827718412 
-20.0 12.36931687685298 
-32.0 14.7648230602334 
-22.0 12.529964086141668 
-30.0 13.45362404707371 
-31.0 13.92838827718412 
-20.0 12.36931687685298 
-32.0 14.7648230602334 
-22.0 12.529964086141668 
-30.0 13.45362404707371 
-31.0 13.92838827718412 
-32.0 14.7648230602334 
-20.0 12.36931687685298 
-22.0 12.529964086141668 
-30.0 13.45362404707371 
-31.0 13.92838827718412 
-20.0 12.36931687685298 
-32.0 14.7648230602334 
-22.0 12.529964086141668 
-30.0 13.45362404707371 
-31.0 13.92838827718412 
-20.0 12.36931687685298 
-32.0 14.7648230602334 
-22.0 12.529964086141668 
-30.0 13.45362404707371 
-31.0 13.92838827718412 
-20.0 12.36931687685298 
-32.0 14.7648230602334 
-22.0 12.529964086141668 
-30.0 13.45362404707371 
-31.0 13.92838827718412 
-32.0 14.7648230602334 
-20.0 12.36931687685298 
-22.0 12.529964086141668 
-30.0 13.45362404707371 
-31.0 13.92838827718412 
-20.0 12.36931687685298 
-32.0 14.7648230602334 
-22.0 12.529964086141668 
-30.0 13.45362404707371 
-31.0 13.92838827718412 
-32.0 14.7648230602334 
-20.0 12.36931687685298 
-22.0 12.529964086141668 
-30.0 13.45362404707371 
-31.0 13.92838827718412 
-20.0 12.36931687685298 
-32.0 14.7648230602334 
-22.0 12.529964086141668 
-30.0 13.45362404707371 
-31.0 13.92838827718412 
-20.0 12.36931687685298 
-32.0 14.7648230602334 
-22.0 12.529964086141668 
-30.0 13.45362404707371 
-31.0 13.92838827718412 
-20.0 12.36931687685298 
-32.0 14.7648230602334 
-22.0 12.529964086141668 
-30.0 13.45362404707371 
-31.0 13.92838827718412 
-32.0 14.7648230602334 
-20.0 12.36931687685298 
-22.0 12.529964086141668 
-30.0 13.45362404707371 
-31.0 13.92838827718412 
-32.0 14.7648230602334 
-20.0 12.36931687685298 
-22.0 12.529964086141668 
-30.0 13.45362404707371 
-31.0 13.92838827718412 
-32.0 14.7648230602334 
-20.0 12.36931687685298 
-22.0 12.529964086141668 
-30.0 13.45362404707371 
-31.0 13.92838827718412 
-32.0 14.7648230602334 
-20.0 12.36931687685298 
-22.0 12.529964086141668 
-30.0 13.45362404707371 
-31.0 13.92838827718412 
