-32.0 12.529964086141668 
-28.0 12.165525060596439 
-32.0 12.529964086141668 
-28.0 12.165525060596439 
-30.0 12.206555615733702 
-30.0 12.206555615733702 
-28.0 12.165525060596439 
-32.0 12.529964086141668 
-30.0 12.206555615733702 
-28.0 12.165525060596439 
-32.0 12.529964086141668 
-30.0 12.206555615733702 
-32.0 12.529964086141668 
-28.0 12.165525060596439 
-30.0 12.206555615733702 
-32.0 12.529964086141668 
-28.0 12.165525060596439 
-30.0 12.206555615733702 
-32.0 12.529964086141668 
-28.0 12.165525060596439 
-30.0 12.206555615733702 
-32.0 12.529964086141668 
-28.0 12.165525060596439 
-30.0 12.206555615733702 
-32.0 12.529964086141668 
-28.0 12.165525060596439 
-30.0 12.206555615733702 
-28.0 12.165525060596439 
-32.0 12.529964086141668 
-30.0 12.206555615733702 
-32.0 12.529964086141668 
-28.0 12.165525060596439 
-30.0 12.206555615733702 
-32.0 12.529964086141668 
-28.0 12.165525060596439 
-30.0 12.206555615733702 
-28.0 12.165525060596439 
-32.0 12.529964086141668 
-30.0 12.206555615733702 
-32.0 12.529964086141668 
-28.0 12.165525060596439 
-30.0 12.206555615733702 
-32.0 12.529964086141668 
-28.0 12.165525060596439 
-30.0 12.206555615733702 
-32.0 12.529964086141668 
-28.0 12.165525060596439 
-30.0 12.206555615733702 
-28.0 12.165525060596439 
-32.0 12.529964086141668 
-30.0 12.206555615733702 
-32.0 12.529964086141668 
-28.0 12.165525060596439 
-30.0 12.206555615733702 
-28.0 12.165525060596439 
-32.0 12.529964086141668 
-30.0 12.206555615733702 
-28.0 12.165525060596439 
-32.0 12.529964086141668 
-30.0 12.206555615733702 
-28.0 12.165525060596439 
-32.0 12.529964086141668 
-30.0 12.206555615733702 
-28.0 12.165525060596439 
-32.0 12.529964086141668 
-30.0 12.206555615733702 
-28.0 12.165525060596439 
-32.0 12.529964086141668 
-30.0 12.206555615733702 
-32.0 12.529964086141668 
-28.0 12.165525060596439 
-30.0 12.206555615733702 
-32.0 12.529964086141668 
-28.0 12.165525060596439 
-30.0 12.206555615733702 
-32.0 12.529964086141668 
-28.0 12.165525060596439 
-30.0 12.206555615733702 
-32.0 12.529964086141668 
-28.0 12.165525060596439 
-30.0 12.206555615733702 
-32.0 12.529964086141668 
-28.0 12.165525060596439 
-30.0 12.206555615733702 
-28.0 12.165525060596439 
-32.0 12.529964086141668 
-30.0 12.206555615733702 
-32.0 12.529964086141668 
-28.0 12.165525060596439 
-30.0 12.206555615733702 
-28.0 12.165525060596439 
-32.0 12.529964086141668 
-30.0 12.206555615733702 
-32.0 12.529964086141668 
-28.0 12.165525060596439 
-30.0 12.206555615733702 
-32.0 12.529964086141668 
-28.0 12.165525060596439 
-30.0 12.206555615733702 
-28.0 12.165525060596439 
