-38.0 16.278820596099706 
-23.0 12.649110640673518 
-38.0 16.278820596099706 
-23.0 12.649110640673518 
-37.0 14.212670403551895 
-26.0 13.341664064126334 
-26.0 13.341664064126334 
-37.0 14.212670403551895 
-24.0 13.038404810405298 
-24.0 13.038404810405298 
-23.0 12.649110640673518 
-38.0 16.278820596099706 
-26.0 13.341664064126334 
-37.0 14.212670403551895 
-24.0 13.038404810405298 
-23.0 12.649110640673518 
-38.0 16.278820596099706 
-26.0 13.341664064126334 
-37.0 14.212670403551895 
-24.0 13.038404810405298 
-23.0 12.649110640673518 
-38.0 16.278820596099706 
-26.0 13.341664064126334 
-37.0 14.212670403551895 
-24.0 13.038404810405298 
-38.0 16.278820596099706 
-23.0 12.649110640673518 
-26.0 13.341664064126334 
-37.0 14.212670403551895 
-24.0 13.038404810405298 
-23.0 12.649110640673518 
-38.0 16.278820596099706 
-26.0 13.341664064126334 
-37.0 14.212670403551895 
-24.0 13.038404810405298 
-38.0 16.278820596099706 
-23.0 12.649110640673518 
-26.0 13.341664064126334 
-37.0 14.212670403551895 
-24.0 13.038404810405298 
-23.0 12.649110640673518 
-38.0 16.278820596099706 
-26.0 13.341664064126334 
-37.0 14.212670403551895 
-24.0 13.038404810405298 
-23.0 12.649110640673518 
-38.0 16.278820596099706 
-26.0 13.341664064126334 
-37.0 14.212670403551895 
-24.0 13.038404810405298 
-23.0 12.649110640673518 
-38.0 16.278820596099706 
-26.0 13.341664064126334 
-37.0 14.212670403551895 
-24.0 13.038404810405298 
-38.0 16.278820596099706 
-23.0 12.649110640673518 
-26.0 13.341664064126334 
-37.0 14.212670403551895 
-24.0 13.038404810405298 
-23.0 12.649110640673518 
-38.0 16.278820596099706 
-26.0 13.341664064126334 
-37.0 14.212670403551895 
-24.0 13.038404810405298 
-23.0 12.649110640673518 
-38.0 16.278820596099706 
-26.0 13.341664064126334 
-37.0 14.212670403551895 
-24.0 13.038404810405298 
-23.0 12.649110640673518 
-38.0 16.278820596099706 
-26.0 13.341664064126334 
-37.0 14.212670403551895 
-24.0 13.038404810405298 
-23.0 12.649110640673518 
-38.0 16.278820596099706 
-26.0 13.341664064126334 
-37.0 14.212670403551895 
-24.0 13.038404810405298 
-23.0 12.649110640673518 
-38.0 16.278820596099706 
-26.0 13.341664064126334 
-37.0 14.212670403551895 
-24.0 13.038404810405298 
-23.0 12.649110640673518 
-38.0 16.278820596099706 
-26.0 13.341664064126334 
-37.0 14.212670403551895 
-24.0 13.038404810405298 
-23.0 12.649110640673518 
-38.0 16.278820596099706 
-26.0 13.341664064126334 
-37.0 14.212670403551895 
-24.0 13.038404810405298 
-38.0 16.278820596099706 
-23.0 12.649110640673518 
-26.0 13.341664064126334 
-37.0 14.212670403551895 
-24.0 13.038404810405298 
