-28.0 12.083045973594572 
-36.0 13.601470508735444 
-28.0 12.083045973594572 
-36.0 13.601470508735444 
-32.0 12.36931687685298 
-33.0 12.727922061357855 
-33.0 12.727922061357855 
-32.0 12.36931687685298 
-36.0 13.601470508735444 
-28.0 12.083045973594572 
-33.0 12.727922061357855 
-32.0 12.36931687685298 
-36.0 13.601470508735444 
-28.0 12.083045973594572 
-33.0 12.727922061357855 
-32.0 12.36931687685298 
-28.0 12.083045973594572 
-36.0 13.601470508735444 
-33.0 12.727922061357855 
-32.0 12.36931687685298 
-28.0 12.083045973594572 
-36.0 13.601470508735444 
-33.0 12.727922061357855 
-36.0 13.601470508735444 
-28.0 12.083045973594572 
-33.0 12.727922061357855 
-28.0 12.083045973594572 
-36.0 13.601470508735444 
-33.0 12.727922061357855 
-28.0 12.083045973594572 
-36.0 13.601470508735444 
-33.0 12.727922061357855 
-36.0 13.601470508735444 
-28.0 12.083045973594572 
-33.0 12.727922061357855 
-28.0 12.083045973594572 
-36.0 13.601470508735444 
-33.0 12.727922061357855 
-28.0 12.083045973594572 
-36.0 13.601470508735444 
-33.0 12.727922061357855 
-36.0 13.601470508735444 
-28.0 12.083045973594572 
-33.0 12.727922061357855 
-36.0 13.601470508735444 
-28.0 12.083045973594572 
-33.0 12.727922061357855 
-28.0 12.083045973594572 
-36.0 13.601470508735444 
-33.0 12.727922061357855 
-36.0 13.601470508735444 
-28.0 12.083045973594572 
-33.0 12.727922061357855 
-28.0 12.083045973594572 
-36.0 13.601470508735444 
-33.0 12.727922061357855 
-36.0 13.601470508735444 
-28.0 12.083045973594572 
-33.0 12.727922061357855 
-28.0 12.083045973594572 
-36.0 13.601470508735444 
-33.0 12.727922061357855 
-36.0 13.601470508735444 
-28.0 12.083045973594572 
-33.0 12.727922061357855 
-36.0 13.601470508735444 
-28.0 12.083045973594572 
-36.0 13.601470508735444 
-28.0 12.083045973594572 
-36.0 13.601470508735444 
-28.0 12.083045973594572 
-36.0 13.601470508735444 
-28.0 12.083045973594572 
-28.0 12.083045973594572 
-36.0 13.601470508735444 
-36.0 13.601470508735444 
-28.0 12.083045973594572 
-36.0 13.601470508735444 
-28.0 12.083045973594572 
-36.0 13.601470508735444 
-28.0 12.083045973594572 
-36.0 13.601470508735444 
-28.0 12.083045973594572 
-36.0 13.601470508735444 
-28.0 12.083045973594572 
-28.0 12.083045973594572 
-36.0 13.601470508735444 
-36.0 13.601470508735444 
-28.0 12.083045973594572 
-36.0 13.601470508735444 
-28.0 12.083045973594572 
-36.0 13.601470508735444 
-36.0 13.601470508735444 
-33.0 12.727922061357855 
-28.0 12.083045973594572 
-33.0 12.727922061357855 
-28.0 12.083045973594572 
-28.0 12.083045973594572 
-28.0 12.083045973594572 
-28.0 12.083045973594572 
