-32.0 13.45362404707371 
-25.0 12.806248474865697 
-32.0 13.45362404707371 
-25.0 12.806248474865697 
-29.0 13.038404810405298 
-29.0 13.038404810405298 
-25.0 12.806248474865697 
-32.0 13.45362404707371 
-29.0 13.038404810405298 
-25.0 12.806248474865697 
-32.0 13.45362404707371 
-29.0 13.038404810405298 
-32.0 13.45362404707371 
-25.0 12.806248474865697 
-29.0 13.038404810405298 
-25.0 12.806248474865697 
-32.0 13.45362404707371 
-29.0 13.038404810405298 
-25.0 12.806248474865697 
-32.0 13.45362404707371 
-29.0 13.038404810405298 
-32.0 13.45362404707371 
-25.0 12.806248474865697 
-29.0 13.038404810405298 
-25.0 12.806248474865697 
-32.0 13.45362404707371 
-29.0 13.038404810405298 
-25.0 12.806248474865697 
-32.0 13.45362404707371 
-29.0 13.038404810405298 
-25.0 12.806248474865697 
-32.0 13.45362404707371 
-29.0 13.038404810405298 
-32.0 13.45362404707371 
-25.0 12.806248474865697 
-29.0 13.038404810405298 
-32.0 13.45362404707371 
-25.0 12.806248474865697 
-29.0 13.038404810405298 
-32.0 13.45362404707371 
-25.0 12.806248474865697 
-29.0 13.038404810405298 
-25.0 12.806248474865697 
-32.0 13.45362404707371 
-29.0 13.038404810405298 
-25.0 12.806248474865697 
-32.0 13.45362404707371 
-29.0 13.038404810405298 
-25.0 12.806248474865697 
-32.0 13.45362404707371 
-29.0 13.038404810405298 
-32.0 13.45362404707371 
-25.0 12.806248474865697 
-29.0 13.038404810405298 
-25.0 12.806248474865697 
-32.0 13.45362404707371 
-29.0 13.038404810405298 
-32.0 13.45362404707371 
-25.0 12.806248474865697 
-29.0 13.038404810405298 
-32.0 13.45362404707371 
-25.0 12.806248474865697 
-29.0 13.038404810405298 
-25.0 12.806248474865697 
-32.0 13.45362404707371 
-29.0 13.038404810405298 
-25.0 12.806248474865697 
-32.0 13.45362404707371 
-29.0 13.038404810405298 
-25.0 12.806248474865697 
-32.0 13.45362404707371 
-29.0 13.038404810405298 
-25.0 12.806248474865697 
-32.0 13.45362404707371 
-29.0 13.038404810405298 
-25.0 12.806248474865697 
-32.0 13.45362404707371 
-29.0 13.038404810405298 
-25.0 12.806248474865697 
-32.0 13.45362404707371 
-29.0 13.038404810405298 
-25.0 12.806248474865697 
-32.0 13.45362404707371 
-29.0 13.038404810405298 
-25.0 12.806248474865697 
-32.0 13.45362404707371 
-29.0 13.038404810405298 
-25.0 12.806248474865697 
-32.0 13.45362404707371 
-29.0 13.038404810405298 
-25.0 12.806248474865697 
-32.0 13.45362404707371 
-29.0 13.038404810405298 
-25.0 12.806248474865697 
-32.0 13.45362404707371 
-29.0 13.038404810405298 
-32.0 13.45362404707371 
-25.0 12.806248474865697 
-29.0 13.038404810405298 
-25.0 12.806248474865697 
