-26.0 12.36931687685298 
-36.0 13.0 
-36.0 13.0 
-26.0 12.36931687685298 
-35.0 12.529964086141668 
-35.0 12.529964086141668 
-36.0 13.0 
-26.0 12.36931687685298 
-35.0 12.529964086141668 
-26.0 12.36931687685298 
-36.0 13.0 
-35.0 12.529964086141668 
-36.0 13.0 
-26.0 12.36931687685298 
-35.0 12.529964086141668 
-26.0 12.36931687685298 
-36.0 13.0 
-35.0 12.529964086141668 
-36.0 13.0 
-26.0 12.36931687685298 
-35.0 12.529964086141668 
-26.0 12.36931687685298 
-36.0 13.0 
-35.0 12.529964086141668 
-36.0 13.0 
-26.0 12.36931687685298 
-35.0 12.529964086141668 
-26.0 12.36931687685298 
-36.0 13.0 
-35.0 12.529964086141668 
-26.0 12.36931687685298 
-36.0 13.0 
-35.0 12.529964086141668 
-36.0 13.0 
-26.0 12.36931687685298 
-35.0 12.529964086141668 
-26.0 12.36931687685298 
-36.0 13.0 
-35.0 12.529964086141668 
-36.0 13.0 
-26.0 12.36931687685298 
-35.0 12.529964086141668 
-36.0 13.0 
-26.0 12.36931687685298 
-35.0 12.529964086141668 
-36.0 13.0 
-26.0 12.36931687685298 
-35.0 12.529964086141668 
-36.0 13.0 
-26.0 12.36931687685298 
-35.0 12.529964086141668 
-26.0 12.36931687685298 
-36.0 13.0 
-35.0 12.529964086141668 
-26.0 12.36931687685298 
-36.0 13.0 
-35.0 12.529964086141668 
-26.0 12.36931687685298 
-36.0 13.0 
-35.0 12.529964086141668 
-36.0 13.0 
-26.0 12.36931687685298 
-35.0 12.529964086141668 
-26.0 12.36931687685298 
-36.0 13.0 
-35.0 12.529964086141668 
-36.0 13.0 
-26.0 12.36931687685298 
-35.0 12.529964086141668 
-36.0 13.0 
-26.0 12.36931687685298 
-35.0 12.529964086141668 
-26.0 12.36931687685298 
-36.0 13.0 
-35.0 12.529964086141668 
-26.0 12.36931687685298 
-36.0 13.0 
-35.0 12.529964086141668 
-36.0 13.0 
-26.0 12.36931687685298 
-35.0 12.529964086141668 
-36.0 13.0 
-26.0 12.36931687685298 
-35.0 12.529964086141668 
-36.0 13.0 
-26.0 12.36931687685298 
-35.0 12.529964086141668 
-36.0 13.0 
-26.0 12.36931687685298 
-35.0 12.529964086141668 
-26.0 12.36931687685298 
-36.0 13.0 
-35.0 12.529964086141668 
-36.0 13.0 
-26.0 12.36931687685298 
-35.0 12.529964086141668 
-36.0 13.0 
-26.0 12.36931687685298 
-35.0 12.529964086141668 
-36.0 13.0 
