-38.0 14.866068747318506 
-33.0 12.529964086141668 
-38.0 14.866068747318506 
-33.0 12.529964086141668 
-36.0 13.601470508735444 
-34.0 13.038404810405298 
-37.0 14.317821063276353 
-36.0 13.601470508735444 
-34.0 13.038404810405298 
-37.0 14.317821063276353 
-33.0 12.529964086141668 
-38.0 14.866068747318506 
-36.0 13.601470508735444 
-34.0 13.038404810405298 
-37.0 14.317821063276353 
-33.0 12.529964086141668 
-38.0 14.866068747318506 
-36.0 13.601470508735444 
-34.0 13.038404810405298 
-37.0 14.317821063276353 
-33.0 12.529964086141668 
-38.0 14.866068747318506 
-36.0 13.601470508735444 
-34.0 13.038404810405298 
-37.0 14.317821063276353 
-33.0 12.529964086141668 
-38.0 14.866068747318506 
-36.0 13.601470508735444 
-34.0 13.038404810405298 
-37.0 14.317821063276353 
-33.0 12.529964086141668 
-38.0 14.866068747318506 
-36.0 13.601470508735444 
-34.0 13.038404810405298 
-37.0 14.317821063276353 
-38.0 14.866068747318506 
-33.0 12.529964086141668 
-36.0 13.601470508735444 
-34.0 13.038404810405298 
-37.0 14.317821063276353 
-33.0 12.529964086141668 
-38.0 14.866068747318506 
-36.0 13.601470508735444 
-34.0 13.038404810405298 
-37.0 14.317821063276353 
-33.0 12.529964086141668 
-38.0 14.866068747318506 
-36.0 13.601470508735444 
-34.0 13.038404810405298 
-37.0 14.317821063276353 
-33.0 12.529964086141668 
-38.0 14.866068747318506 
-36.0 13.601470508735444 
-34.0 13.038404810405298 
-37.0 14.317821063276353 
-38.0 14.866068747318506 
-33.0 12.529964086141668 
-36.0 13.601470508735444 
-34.0 13.038404810405298 
-37.0 14.317821063276353 
-33.0 12.529964086141668 
-38.0 14.866068747318506 
-36.0 13.601470508735444 
-34.0 13.038404810405298 
-37.0 14.317821063276353 
-38.0 14.866068747318506 
-33.0 12.529964086141668 
-36.0 13.601470508735444 
-34.0 13.038404810405298 
-37.0 14.317821063276353 
-33.0 12.529964086141668 
-38.0 14.866068747318506 
-36.0 13.601470508735444 
-34.0 13.038404810405298 
-37.0 14.317821063276353 
-33.0 12.529964086141668 
-38.0 14.866068747318506 
-36.0 13.601470508735444 
-34.0 13.038404810405298 
-37.0 14.317821063276353 
-33.0 12.529964086141668 
-38.0 14.866068747318506 
-36.0 13.601470508735444 
-34.0 13.038404810405298 
-37.0 14.317821063276353 
-38.0 14.866068747318506 
-33.0 12.529964086141668 
-36.0 13.601470508735444 
-34.0 13.038404810405298 
-37.0 14.317821063276353 
-33.0 12.529964086141668 
-38.0 14.866068747318506 
-36.0 13.601470508735444 
-34.0 13.038404810405298 
-37.0 14.317821063276353 
-38.0 14.866068747318506 
-33.0 12.529964086141668 
-36.0 13.601470508735444 
-34.0 13.038404810405298 
-37.0 14.317821063276353 
