-32.0 16.401219466856727 
-25.0 12.36931687685298 
-32.0 16.401219466856727 
-25.0 12.36931687685298 
-30.0 13.038404810405298 
-31.0 14.142135623730951 
-31.0 14.142135623730951 
-30.0 13.038404810405298 
-25.0 12.36931687685298 
-32.0 16.401219466856727 
-31.0 14.142135623730951 
-30.0 13.038404810405298 
-25.0 12.36931687685298 
-32.0 16.401219466856727 
-31.0 14.142135623730951 
-30.0 13.038404810405298 
-25.0 12.36931687685298 
-32.0 16.401219466856727 
-31.0 14.142135623730951 
-30.0 13.038404810405298 
-25.0 12.36931687685298 
-32.0 16.401219466856727 
-31.0 14.142135623730951 
-30.0 13.038404810405298 
-25.0 12.36931687685298 
-32.0 16.401219466856727 
-31.0 14.142135623730951 
-30.0 13.038404810405298 
-25.0 12.36931687685298 
-32.0 16.401219466856727 
-31.0 14.142135623730951 
-25.0 12.36931687685298 
-32.0 16.401219466856727 
-31.0 14.142135623730951 
-32.0 16.401219466856727 
-25.0 12.36931687685298 
-31.0 14.142135623730951 
-32.0 16.401219466856727 
-25.0 12.36931687685298 
-31.0 14.142135623730951 
-32.0 16.401219466856727 
-25.0 12.36931687685298 
-31.0 14.142135623730951 
-25.0 12.36931687685298 
-32.0 16.401219466856727 
-31.0 14.142135623730951 
-25.0 12.36931687685298 
-32.0 16.401219466856727 
-31.0 14.142135623730951 
-25.0 12.36931687685298 
-32.0 16.401219466856727 
-31.0 14.142135623730951 
-25.0 12.36931687685298 
-32.0 16.401219466856727 
-31.0 14.142135623730951 
-25.0 12.36931687685298 
-32.0 16.401219466856727 
-31.0 14.142135623730951 
-32.0 16.401219466856727 
-25.0 12.36931687685298 
-31.0 14.142135623730951 
-32.0 16.401219466856727 
-25.0 12.36931687685298 
-31.0 14.142135623730951 
-32.0 16.401219466856727 
-25.0 12.36931687685298 
-31.0 14.142135623730951 
-25.0 12.36931687685298 
-32.0 16.401219466856727 
-31.0 14.142135623730951 
-25.0 12.36931687685298 
-32.0 16.401219466856727 
-31.0 14.142135623730951 
-25.0 12.36931687685298 
-32.0 16.401219466856727 
-31.0 14.142135623730951 
-25.0 12.36931687685298 
-32.0 16.401219466856727 
-31.0 14.142135623730951 
-25.0 12.36931687685298 
-32.0 16.401219466856727 
-31.0 14.142135623730951 
-25.0 12.36931687685298 
-32.0 16.401219466856727 
-31.0 14.142135623730951 
-25.0 12.36931687685298 
-32.0 16.401219466856727 
-31.0 14.142135623730951 
-25.0 12.36931687685298 
-32.0 16.401219466856727 
-31.0 14.142135623730951 
-25.0 12.36931687685298 
-32.0 16.401219466856727 
-31.0 14.142135623730951 
-25.0 12.36931687685298 
-32.0 16.401219466856727 
-31.0 14.142135623730951 
-25.0 12.36931687685298 
-32.0 16.401219466856727 
-31.0 14.142135623730951 
